Timestamp start: 1684856473470
Timestamp end: 1684858274998

#type       avg     std     min      p5     p10     p50     p67     p75     p80     p85     p90     p95     p99    p999   p9999      QPS   target
read      368.2  1062.0    86.8   142.7   164.4   273.8   323.4   352.5   373.2   398.6   431.4   490.2  2740.8 11881.7 37054.7   7423.0     7434
read      348.5   516.5    80.4   129.6   144.9   278.3   349.6   394.3   428.4   469.0   524.6   643.1  1669.5  5682.3 19411.0  66940.0    67201
read      305.7   264.1    80.4   129.3   144.3   271.8   338.8   379.9   410.6   446.9   492.8   562.3   770.0  2286.4 10163.0  85979.1    85927
read      295.3   230.6    80.4   127.4   141.6   269.6   333.8   370.4   397.5   428.9   466.6   520.6   659.9  2475.2  6896.3  63987.0    63953
read      286.1   297.5    80.4   126.8   141.2   256.4   316.5   352.1   377.4   406.1   439.5   486.6   703.2  3035.5  9317.1  31433.4    31595
read      298.1   270.3    80.4   128.5   142.9   266.2   329.2   368.4   398.1   433.2   476.2   538.4   693.4  2787.4 11033.0  87676.7    87879
read      340.4   884.0    86.8   148.8   171.5   269.2   309.2   333.7   352.0   373.8   401.6   451.3  1481.9 10780.1 31894.6   7337.1     7287
read      315.6   343.9    80.4   131.4   146.5   274.4   339.3   377.2   404.6   438.1   481.4   548.3  1265.6  3732.2 10075.9  62236.1    62295
read      378.6  1329.0    93.8   145.6   167.3   259.0   297.5   319.5   336.0   355.2   380.7   428.8  3326.9 30344.4 37025.1   6524.0     6561
read      402.7   750.0    86.8   126.7   141.3   287.9   393.1   491.2   562.2   628.8   698.6   807.6  1238.0  9849.5 31082.0  22535.9    22532
read      320.5   438.6    80.4   127.9   142.1   270.6   335.1   373.5   402.5   437.4   482.5   557.3  1361.7  4054.3 16979.1  60523.0    60653
read      298.5   272.0    80.4   128.1   142.3   272.9   337.9   374.4   401.4   432.2   469.4   523.2   676.2  2080.1  9894.6  59035.4    59076
read      298.8   318.3    80.4   127.8   141.9   271.4   334.8   370.8   396.8   427.6   465.0   517.1   661.3  2978.5 13713.8  60070.1    60154
read      409.0   969.3    80.4   127.7   142.4   285.1   382.0   454.6   525.7   599.4   672.8   772.5  1650.5 13823.1 33825.2  22857.1    22964
read      341.3   850.5    93.8   140.1   160.3   268.3   319.5   348.0   367.9   390.8   420.3   468.9  1873.6  9558.5 35636.4   8184.1     8172
read      418.0   760.0    80.4   127.2   142.0   281.9   391.9   501.4   605.2   691.4   783.5   915.6  1322.3 10358.4 31615.5  27569.4    27652
read      323.1   456.7    80.4   128.0   142.6   267.1   329.4   368.8   399.1   434.7   481.6   598.7  1159.2  5810.0 20151.3  37467.0    37594
read      385.2   673.8    80.4   126.7   141.6   279.8   377.0   447.0   523.3   608.1   690.8   807.9  1179.6  9266.4 31061.6  24437.7    24367
read      342.7   631.3    80.4   127.2   141.6   262.8   331.1   375.3   410.3   452.4   522.3   819.0  1147.7  8024.0 31644.7  33808.7    33771
read      299.9   236.7    80.4   128.5   143.2   269.6   334.2   373.1   402.3   437.4   481.1   543.9   703.1  2671.4  8295.1  84884.0    84944
read      298.2   291.6    80.4   127.5   141.9   266.1   329.1   368.1   397.6   432.6   474.8   536.1   696.2  2742.9 12682.6  85643.6    85666
read      300.0   374.3    80.4   127.0   141.1   270.4   332.1   367.2   393.0   424.0   462.0   513.5   685.6  3819.4 13305.3  51899.9    51918
read      288.4   302.1    80.4   127.1   141.5   260.6   319.3   355.5   381.3   410.6   445.8   492.6   638.5  2541.2 12213.1  34602.1    34406
read      385.0   714.1    80.4   126.3   140.8   269.6   364.4   432.6   508.9   636.1   738.0   878.1  1135.9  9387.4 31718.9  28614.7    28664
read      317.1   395.8    80.4   129.0   144.2   275.8   338.6   375.9   404.2   439.2   483.3   556.7  1002.8  5281.7 12048.8  38169.6    38289
read      398.8   964.4    80.4   126.7   141.3   288.2   379.7   451.9   511.3   571.6   635.5   721.6  1337.2 13841.0 32843.5  20727.4    20658
read      384.2   913.9    86.8   128.1   144.0   291.9   369.3   419.0   452.0   488.3   533.2   601.6  1967.4 10846.0 33367.6  13862.1    13840
read      346.3   451.5    74.4   129.8   145.8   272.6   338.9   385.1   421.5   463.2   514.6   614.6  1790.3  5127.3 12782.5  93207.0    93419
read      300.6   296.4    80.4   128.7   143.9   266.6   328.1   367.7   399.2   436.9   484.7   549.8   690.2  3134.2  9428.4  98333.7    98284
read      302.1   330.4    80.4   128.9   143.3   271.8   337.8   375.9   403.3   435.6   474.1   530.8   679.9  2546.7 12955.2  71334.3    71313
read      291.1   235.0    80.4   127.2   141.5   266.5   324.5   359.9   386.0   416.8   454.1   504.4   676.1  2390.6  9145.4  41924.4    42089
read      292.0   236.1    80.4   127.2   141.5   269.6   327.9   362.4   387.7   417.4   454.0   504.1   653.8  2430.5  7235.5  46483.9    46458
read      293.4   295.9    80.4   130.0   144.7   265.8   327.6   363.5   388.9   417.8   452.8   502.2   684.5  2611.0  7369.6  30852.7    30755
read      296.6   200.4    80.4   128.9   144.1   273.9   333.3   367.8   393.7   424.9   463.3   517.2   701.2  2135.7  7530.2  42904.0    42889
read      302.8   305.9    80.4   128.8   143.6   267.7   331.3   370.1   400.4   437.5   484.1   549.9   727.0  3285.0 11992.8  93601.6    93552
read      301.6   225.0    80.4   128.9   143.4   274.7   339.9   378.0   405.7   438.9   479.0   536.6   703.5  2162.8  8995.0  65660.3    65694
read      291.0   316.8    80.4   128.6   143.1   260.0   321.0   356.9   382.1   410.1   443.6   490.5   704.9  3621.2  8754.1  29446.3    29574
read      297.5   197.3    80.4   128.2   142.6   275.2   336.8   372.0   398.5   429.3   466.3   520.4   686.5  2232.3  6978.4  51421.4    51355
read      304.0   289.2    80.4   128.9   143.6   273.9   339.2   377.3   405.2   438.0   477.9   535.0   691.9  3336.8 10321.6  67489.0    67361
read      358.7   718.3    86.8   128.7   143.1   289.1   361.6   410.0   453.2   501.5   555.3   632.8  1159.3  8570.1 31756.3  16249.7    16287
read      312.8   297.7    80.4   129.0   143.8   269.9   335.4   375.6   405.8   442.8   488.6   561.0  1301.6  2963.7  9069.3  81179.3    81508
read      301.5   312.9    80.4   129.0   143.7   267.4   331.6   371.2   401.4   437.1   481.4   544.4   715.2  3124.8 10822.1  87757.6    87619
read      298.1   269.1    80.4   128.9   143.9   264.5   326.9   366.5   397.5   435.3   482.0   546.2   690.9  2778.6  9473.3  99111.9    99068
read      295.0   272.1    80.4   126.8   141.0   271.0   330.4   365.1   390.7   420.8   457.8   507.2   643.4  2979.4 12741.1  51180.6    51267
read      376.6   990.0    86.8   131.0   147.8   285.0   349.9   392.3   421.8   455.8   497.9   564.6  1895.4 14384.9 34397.9  11828.4    11822
read      352.9   385.0    80.4   133.5   151.1   283.9   352.9   399.5   436.2   480.8   539.1   660.8  1686.4  3625.4 10351.1  97390.1    97494
read      310.9   314.1    80.4   130.5   146.1   272.9   337.3   378.5   411.0   450.7   499.5   571.7   746.8  3670.5 12771.2  97442.3    97350
read      300.1   228.6    80.4   128.2   142.4   275.2   337.7   373.4   400.1   431.7   469.4   524.5   692.5  2959.1  6475.1  55482.3    55460
read      300.6   290.9    74.4   128.1   142.7   268.8   332.4   371.7   401.6   437.1   480.8   542.7   692.0  2705.0 11044.7  85973.9    85984
read      302.8   312.8    80.4   129.0   143.8   270.3   334.7   373.5   402.7   437.8   480.5   541.1   697.5  2765.1 12628.4  81876.1    82043
read      302.5   327.2    74.4   130.2   144.9   276.2   337.9   373.3   399.6   430.6   468.0   522.7   677.3  2667.7 11369.2  52827.9    52873
read      359.4   717.6    86.8   131.2   147.0   293.1   359.0   404.1   441.4   481.8   528.3   592.8  1320.2  9048.7 31953.5  13911.6    13911
read      328.4   422.7    80.4   130.0   144.7   275.1   337.9   376.2   405.4   442.5   490.9   589.0  1316.8  5373.0 13430.8  50022.7    49984
read      353.6  1011.6    86.8   137.9   157.0   273.7   325.0   357.6   380.5   407.6   442.8   500.6  1820.6 13367.0 36906.6   9378.3     9274
read      405.1   596.2    80.4   126.0   140.7   278.6   387.3   496.6   606.9   693.7   779.7   915.7  1381.0  6770.8 27593.0  27124.7    27187
read      410.7   827.1    86.8   129.3   144.6   306.2   405.4   480.2   528.8   578.7   639.0   739.7  1770.8 12505.8 32502.1  18755.1    18735
read      370.4   474.9    80.4   130.7   146.9   279.0   347.2   395.0   431.4   475.2   537.3  1086.0  1816.2  4876.5 15359.9  86596.1    86505
read      298.4   252.6    80.4   128.4   143.1   266.7   329.4   368.3   399.1   436.4   482.9   547.2   696.4  2548.7  6974.9  92942.7    93039
read      302.2   243.9    80.4   129.4   144.0   270.7   336.5   375.1   403.5   436.8   478.3   539.5   740.0  2820.6  6841.3  75963.7    75999
read      295.5   371.5    80.4   128.2   142.8   262.9   322.7   358.8   384.5   414.0   449.9   500.6   757.8  4134.6 12076.1  32333.0    32324
read      301.8   279.1    80.4   128.5   143.0   268.9   333.0   371.6   400.9   436.0   479.7   543.0   729.5  3043.5  8098.5  84330.3    84255
read      301.0   329.3    80.4   128.3   142.7   268.1   331.4   370.0   399.2   433.2   473.8   533.5   690.3  3284.0 10991.6  81707.0    81759
read      294.3   304.6    80.4   126.9   141.6   264.5   323.6   360.1   386.8   417.4   453.7   502.5   695.0  3827.7 10094.9  37201.6    37291
read      297.6   260.2    80.4   127.7   141.6   272.9   334.0   369.2   395.2   426.5   464.9   518.2   687.8  2520.1  8618.5  53885.1    53818
read      297.1   398.3    80.4   128.7   143.3   260.0   323.0   359.6   385.2   413.8   448.2   498.0   744.3  4998.2 12492.1  30306.3    30297
read      293.6   233.1    80.4   129.6   144.5   267.5   329.6   365.6   391.6   421.4   457.4   507.2   672.7  2232.8  9765.4  31516.9    31569
read      300.6   344.4    80.4   128.6   143.4   272.0   331.7   367.9   394.9   426.5   464.5   518.2   725.3  3510.5 11758.8  38894.4    38927
read      351.0   798.4    86.8   134.7   152.9   280.4   339.0   374.2   399.1   427.8   462.3   516.2  1419.8  9921.3 33270.9  10596.0    10652
read      339.7   402.8    80.4   130.5   146.7   273.0   338.9   384.2   420.3   463.2   516.2   619.1  1667.2  3540.2 11756.2  98004.4    98119
read      294.9   238.1    74.4   126.6   140.7   271.1   329.3   364.3   390.1   420.7   458.9   508.6   709.0  2582.0  8571.4  48126.9    48176
read      291.5   305.6    80.4   127.3   141.9   261.1   319.9   355.9   382.3   412.8   450.2   500.1   723.0  2708.1 11538.3  34892.7    34929
read      302.8   294.8    80.4   129.0   143.5   273.5   338.1   375.4   402.7   435.8   476.5   535.6   699.5  2940.6  9460.7  69672.7    69735
read      388.9   784.6    86.8   128.0   142.5   291.0   383.8   454.4   514.8   572.8   637.1   728.0  1249.6 10173.5 31988.1  20648.1    20753
read      317.6   332.8    80.4   129.0   143.7   267.3   332.7   372.9   404.3   443.1   493.7   579.7  1464.3  2880.0  9415.7  84569.0    84642
read      298.5   215.9    80.4   128.2   142.8   274.1   334.1   369.3   395.5   427.5   466.3   523.2   746.6  2394.3  5315.6  42336.9    42333
read      309.8   300.0    80.4   130.1   144.9   280.4   346.0   384.4   412.5   445.9   487.6   547.1   742.8  3075.4 10573.3  61700.1    61587
read      296.2   227.0    80.4   127.9   142.2   268.0   331.7   370.2   398.8   431.9   471.7   531.3   684.0  2424.0  6401.2  78047.9    77998
read      299.9   296.3    80.4   128.1   143.0   264.6   327.1   366.6   397.7   436.0   482.9   548.8   709.6  3376.7  9727.4  97576.9    97625
read      388.2   677.2    86.8   128.3   142.8   286.8   379.8   452.4   528.1   611.3   691.1   795.9  1186.5  9292.8 30885.8  23773.4    23781
read      305.5   244.7    80.4   128.6   143.4   274.0   338.6   376.8   404.9   438.4   479.3   541.4   979.3  2423.3  6327.3  66852.4    66723
read      291.4   329.2    80.4   129.0   143.6   262.6   322.7   358.9   384.4   413.1   447.7   496.1   683.8  2968.9 10325.9  31047.4    31016
read      300.8   272.1    80.4   127.8   142.0   275.0   334.0   368.9   395.1   426.1   463.8   519.2   778.8  2660.9 11914.5  47645.7    47394
read      313.8   276.9    80.4   131.1   146.9   276.3   343.5   386.0   418.8   458.3   507.5   585.8   808.2  2984.0  9365.6  95195.9    95335
read      329.0   927.9    93.8   150.2   173.0   250.5   283.0   301.4   315.1   331.8   353.7   395.7  1852.1 13712.1 33331.1   5271.3     5252
read      406.1   456.1    80.4   128.4   143.0   261.4   335.1   393.7   451.4   578.4  1037.8  1419.6  1846.0  2801.9 10086.5  65675.7    65908
read      338.3   231.2    86.8   130.1   145.3   296.4   384.0   447.3   489.5   531.9   579.4   646.3   790.0  1910.1  8666.0  16805.3    16889
read      443.6   815.8    80.4   128.8   143.7   271.9   362.1   449.9   576.4   817.8   998.6  1168.6  1681.6  9348.8 31972.0  43040.9    42912
read      693.3  1775.9    86.8   173.6   210.5   343.4   474.6   541.9   592.3   689.3  1331.1  1693.8 10100.7 30200.6 36748.4  99946.1    99898
read      431.4  1088.2    80.4   124.5   137.8   268.3   366.4   455.1   580.5   691.6   788.3   932.5  1932.7 12066.2 37544.5  26442.3    26385
read      401.3   771.7    80.4   128.7   143.8   293.7   394.7   484.2   553.9   619.5   688.7   784.1  1140.6 10180.3 31737.9  22648.9    22616
read      399.2   370.5    80.4   132.2   148.1   265.4   341.7   415.9   510.6   754.9   995.9  1193.8  1472.9  1889.8  9525.2  50654.1    50605
read      710.2   728.9    86.8   190.7   218.3   400.8   569.2  1294.5  1412.1  1526.8  1636.2  1805.1  2706.0  5590.1 18506.6  90064.9    90283
read      310.4   255.7    80.4   134.3   150.3   281.6   344.9   380.4   405.1   436.3   477.8   544.9   912.9  2180.7  8643.7  26214.9    26273
read      315.3   186.7    80.4   133.8   149.9   295.2   359.1   396.1   424.3   458.3   500.9   563.3   730.5  1548.0  5771.5  48503.4    48521
read      306.9   192.9    80.4   134.2   150.9   287.6   348.9   383.7   408.9   439.9   480.1   537.5   681.8  1367.6  7708.0  34086.6    34058
read      315.9   195.9    80.4   136.2   152.1   288.0   356.1   396.4   427.0   463.6   509.6   581.6   751.7  1933.5  5731.1  75673.0    75648
read      358.1   367.5    80.4   137.6   154.0   299.4   379.4   435.6   492.2   565.4   645.1   744.9   975.4  2838.6 12071.5  19496.6    19482
read      348.5   312.1    86.8   133.3   149.3   301.2   388.8   454.4   497.4   540.4   589.7   661.4   797.6  3061.9 13038.1  15038.1    15054
read      328.9   277.7    80.4   132.2   147.8   282.2   351.4   394.8   427.7   467.0   518.8   605.9  1477.7  2509.4  7931.4  75906.3    75754
read      293.4   593.4    93.8   153.6   176.1   255.9   289.2   308.3   321.7   339.5   362.1   397.7   517.9  7305.9 30341.6   5176.9     5187
read      388.6   397.6    86.8   136.7   153.3   300.7   411.1   520.2   592.7   659.7   726.2   817.5  1018.2  4019.6 14217.1  17542.3    17656
read      400.9   422.7    80.4   139.7   159.8   317.1   395.3   447.0   488.8   543.9   625.3   853.6  1913.0  3193.3 13329.3  96274.0    96343
read      303.9   264.8    80.4   130.7   145.8   277.3   336.8   371.7   398.2   430.1   468.0   521.9   748.3  3123.2  9138.0  36548.3    36665
read      312.7   243.1    80.4   131.1   146.5   280.1   345.7   387.3   419.5   458.8   507.5   579.3   764.3  2591.3  9209.0  85154.1    85269
read      311.4   296.8    80.4   133.2   149.5   284.0   345.8   382.6   409.4   442.2   481.0   536.7   725.9  2515.2 10158.5  31599.0    31525
read      316.3   288.3    80.4   132.5   147.8   287.6   354.7   394.2   423.5   458.1   500.1   560.5   747.5  2491.7 11652.9  61905.1    61798
read      329.6   320.7    86.8   136.2   153.7   291.2   358.4   401.9   435.2   472.8   517.9   582.0   744.2  4696.9 15360.9  12206.4    12253
read      393.2   314.6    80.4   134.0   150.3   289.3   397.6   507.8   619.8   717.0   808.3   950.2  1144.8  2222.4  9669.0  25601.1    25710
read      310.0   197.9    80.4   131.2   147.5   280.9   346.1   384.8   414.0   450.5   497.6   571.0   757.9  2215.7  5789.3  79892.1    79937
read      283.9   327.1    86.8   148.4   168.9   265.1   302.8   325.0   342.2   362.9   388.6   426.6   515.2  3718.8 11845.4   7326.1     7271
read      360.5   338.5    80.4   133.4   150.9   288.3   358.4   402.2   437.2   482.3   545.7   723.1  1738.2  2880.7  8792.0  85650.6    85861
read      300.5   173.9    80.4   129.6   145.4   273.7   337.7   375.2   404.2   441.6   491.3   564.2   713.4  1282.2  4394.7  91510.6    91467
read      301.1   173.6    80.4   130.0   145.6   278.8   343.0   379.9   406.7   440.0   483.4   546.8   683.5  1387.0  6025.6  72085.6    72217
read      291.0   200.6    80.4   131.1   147.4   272.4   331.9   364.9   388.0   414.4   448.6   499.0   614.7  1449.5  7012.4  31164.7    31080
read      304.5   184.2    80.4   130.7   146.8   280.7   345.4   382.9   410.4   445.2   490.9   558.0   700.0  1392.6  6062.9  76881.6    76878
read      303.3   171.0    80.4   130.7   146.7   278.0   343.2   381.4   409.8   446.5   494.2   563.7   702.9  1246.1  5324.3  84698.4    84584
read      302.9   257.8    80.4   136.7   154.0   283.8   337.0   369.9   395.0   424.3   461.9   514.7   619.0  1161.4 14055.1  12450.0    12492
read      326.9   248.7    80.4   132.1   148.5   284.9   349.8   389.3   419.2   456.9   507.8   599.0  1360.8  1890.2  7294.2  57055.3    57106
read      301.6   179.1    74.4   130.3   146.7   274.9   338.7   376.8   406.5   444.9   494.3   566.3   709.3  1118.7  4732.1  96197.0    96245
read      279.5   268.6    86.8   149.0   170.4   261.4   296.0   316.8   332.4   350.4   374.5   413.9   518.1  4226.9 10405.6   6877.1     6791
read      312.0   219.0    80.4   130.5   147.0   277.5   341.4   380.4   410.8   449.8   501.6   583.6   885.5  2497.3  6354.4  90512.3    90728
read      266.3   405.7    93.8   152.8   173.9   246.4   273.3   289.1   300.2   314.5   333.3   363.2   436.8  4210.5 22370.6   5145.1     5151
read      309.7   206.8    74.4   130.6   146.7   277.9   342.6   381.3   410.5   448.2   498.2   576.5   871.0  1993.5  5944.4  83026.0    82969
read      294.7   147.7    80.4   130.4   146.3   278.7   337.4   370.1   394.2   422.5   459.0   513.6   634.3  1347.2  4253.5  42690.3    42635
read      304.1   179.6    74.4   131.7   148.1   275.5   339.6   378.3   408.8   447.5   498.4   575.4   728.5  1270.9  5607.3  99124.0    99337
read      306.0   174.0    80.4   131.4   147.8   278.2   343.1   382.0   412.2   451.0   502.5   581.2   735.7  1128.0  5241.9  95142.7    95192
read      302.9   193.7    80.4   130.2   145.9   280.8   344.3   380.7   407.0   439.9   483.0   545.5   686.6  1543.8  6792.3  69195.7    69200
read      297.2   179.9    74.4   129.7   145.3   279.0   339.6   373.7   398.1   427.5   465.1   523.2   656.6  1287.2  7457.3  49581.1    49459
read      286.4   174.6    80.4   131.7   147.5   267.5   329.4   361.8   383.9   407.9   438.1   486.9   593.3  1237.1  6045.7  29057.3    29055
read      297.9   164.1    74.4   129.4   144.9   278.7   341.0   376.0   401.7   432.9   472.1   532.9   660.9  1410.8  4967.1  64263.1    64324
read      268.3   224.3    93.8   152.1   174.1   251.8   282.2   299.4   312.8   328.3   347.6   379.5   472.5  4157.7  7827.0   5765.1     5705
read      313.3   247.1    80.4   130.3   146.6   278.1   343.0   381.9   411.6   449.5   501.3   586.2   990.9  2252.4  6412.7  84734.7    84816
read      344.5   248.0    80.4   132.5   148.7   287.6   371.5   430.9   490.4   564.3   640.5   738.4   945.9  1317.4  9591.7  23682.9    23714
read      308.1   209.9    74.4   129.8   145.4   276.6   341.4   379.1   407.1   442.7   489.1   562.7  1001.0  1870.0  5826.4  74109.3    74116
read      328.7   272.7    80.4   132.3   148.4   292.5   365.8   412.3   453.9   505.3   565.5   648.1   786.6  1243.1  9511.7  19965.9    19948
read      319.4   230.5    80.4   130.5   146.5   277.7   342.0   380.8   409.2   446.9   501.9   638.2  1135.3  1469.7  6270.0  44280.7    44213
read      325.8   220.1    86.8   133.2   148.7   292.3   362.7   408.4   449.6   499.2   556.2   639.0   789.0  1099.0  8070.0  19391.0    19454
read      282.7   282.4    86.8   147.4   168.2   262.4   302.7   324.5   340.8   360.0   383.9   423.0   523.9  4082.3 13580.4   7243.6     7190
read      327.2   221.2    80.4   134.1   152.2   297.0   360.7   398.3   427.1   461.9   508.0   586.9  1108.9  1706.0  7570.3  47683.3    47657
read      317.8   195.8    80.4   136.8   154.7   298.7   361.1   396.3   422.6   454.3   495.3   555.9   710.7  1463.2  8114.5  44519.1    44399
read      286.3   324.8    93.8   154.1   176.3   263.4   298.4   319.1   334.7   352.4   375.4   414.3   514.9  4542.0 13069.7   6504.7     6481
read      281.0   477.9    93.8   155.0   177.0   259.2   292.0   310.6   323.4   339.9   361.0   393.8   486.9  4015.3 33159.1   5748.6     5807
read      320.0   254.8    74.4   131.4   147.7   279.6   345.3   384.8   415.6   455.3   507.8   593.8  1198.1  2428.6  7087.3  82887.0    83137
read      293.3   251.9    86.8   141.4   161.2   273.6   317.7   344.1   365.4   390.5   423.0   472.5   591.8  2813.7  9700.9   9610.0     9580
read      335.6   236.2    80.4   134.1   152.3   290.4   353.1   391.3   421.0   459.5   517.5   695.6  1228.6  1757.6  6262.7  37595.0    37385
read      300.5   222.2    80.4   131.6   148.8   278.7   336.6   369.3   393.0   420.9   456.4   508.7   668.7  3286.5  6502.8  33709.1    33706
read      292.5   185.2    80.4   130.6   147.3   275.2   332.5   364.8   388.0   414.6   448.3   499.1   612.1  1418.3  7748.6  35311.3    35204
read      306.9   199.0    80.4   130.9   147.3   286.8   347.8   383.4   408.9   440.0   480.8   539.4   703.1  1722.9  6845.5  50366.1    50438
read      302.8   190.8    80.4   130.4   146.5   285.3   346.0   380.3   405.0   435.2   474.0   532.4   668.6  1420.7  7853.2  48881.7    48878
read      298.2   185.8    74.4   130.1   146.2   280.9   340.5   374.2   398.9   427.6   464.1   520.4   643.7  1245.0  6545.5  42652.6    42682
read      337.9   282.9    80.4   131.1   147.2   276.7   356.7   404.0   449.0   524.9   636.7   765.8   994.2  1625.7  9395.3  27509.3    27416
read      319.3   277.7    80.4   131.3   147.2   284.0   350.0   389.3   418.8   455.0   501.5   578.1  1206.6  1971.7  8136.6  64328.3    64424
read      308.1   187.0    80.4   131.7   147.7   286.5   351.1   388.5   416.3   450.4   494.2   554.9   686.0  1585.1  7120.3  64621.6    64364
read      267.5   279.6    93.8   152.1   173.7   250.7   281.0   297.6   310.9   325.6   345.1   376.5   467.9  3847.9 14035.5   5493.0     5481
read      401.7   333.7    86.8   134.2   151.3   289.8   391.9   502.1   640.3   753.0   883.6  1002.6  1177.2  1469.8 10213.5  26085.7    26227
read      404.1   346.3    80.4   134.3   151.4   288.3   391.6   495.7   639.2   758.8   894.0  1012.0  1205.3  2482.7  9068.7  26606.1    26586
read      338.2   282.5    80.4   132.4   149.5   286.8   354.6   396.5   430.3   472.3   532.9   636.8  1546.4  3025.5  5662.5  86269.9    86286
read      340.3   261.5    80.4   131.6   147.4   284.4   366.8   420.9   473.7   548.4   633.0   733.0   930.2  1378.2  9847.4  24577.3    24452
read      368.1   253.5    80.4   130.9   147.0   289.3   394.1   490.9   569.1   642.0   721.7   833.4  1018.5  1314.8  6313.2  26934.9    26832
read      377.6   300.7    80.4   130.4   146.0   280.6   384.1   481.2   588.7   686.0   775.4   912.1  1092.2  2459.2  9181.7  29986.3    29795
read      311.0   225.4    80.4   130.1   145.9   278.3   340.2   376.0   402.4   435.7   482.4   563.9  1092.5  1612.3  9105.4  46159.6    46224
read      300.3   175.4    80.4   130.6   146.6   274.7   339.9   377.6   405.6   441.1   487.5   554.9   694.1  1201.8  5508.0  84494.3    84587
read      309.7   188.1    74.4   132.8   149.3   286.6   352.6   390.4   418.3   451.7   494.3   556.0   700.4  1561.0  7351.7  63318.0    63389
read      301.7   194.4    74.4   131.4   147.4   283.0   343.7   378.2   402.9   432.9   470.8   529.8   656.2  1499.8  6070.7  46843.3    46953
read      304.0   192.7    80.4   131.0   147.5   277.5   341.4   379.6   408.8   446.4   495.7   568.5   709.5  1171.6  7351.5  90443.1    90536
read      314.2   262.1    86.8   138.0   156.9   291.5   348.6   384.0   409.4   439.2   478.9   539.2   651.8  3027.0  9566.0  12448.1    12508
read      325.2   238.1    80.4   133.6   151.2   291.4   353.6   390.6   418.6   453.5   501.3   588.9  1120.5  1685.2  7293.9  38628.0    38491
read      307.2   182.2    74.4   131.8   148.6   277.7   343.2   383.1   413.5   452.2   502.1   578.4   737.9  1652.3  5106.4  98080.1    97806
read      312.3   228.3    86.8   138.8   157.6   289.4   345.1   380.0   405.7   437.0   475.6   530.5   647.4  2961.5  9655.0  11855.1    11813
read      331.8   227.9    80.4   136.3   154.4   297.3   360.7   397.8   426.9   463.7   513.7   605.6  1150.1  1550.1  7299.8  39562.9    39665
read      323.2   206.3    80.4   135.8   153.6   301.2   367.1   404.4   433.3   468.3   513.4   578.9   736.7  1599.9  6415.5  53401.3    53571
read      318.6   216.2    80.4   134.7   151.9   295.1   361.4   399.3   428.8   464.8   509.9   576.5   727.0  1539.7  9588.3  63218.0    63215
read      306.0   189.0    80.4   131.2   147.4   281.1   346.5   385.0   413.7   448.9   494.9   564.1   713.6  1272.7  6801.2  78912.3    78767
read      292.3   247.4    86.8   144.7   166.1   272.7   315.1   340.9   361.0   385.0   415.1   461.0   563.3  3908.5 10248.7   8587.7     8615
read      321.2   236.7    80.4   132.3   148.4   281.2   346.1   385.5   415.3   452.9   503.4   590.3  1323.4  1993.8  6034.1  67802.0    67903
read      320.6   195.0    80.4   135.4   151.5   294.7   359.5   400.8   435.2   476.8   525.2   591.5   730.5  1473.2  7150.1  16369.0    16398
read      323.1   221.0    80.4   132.3   148.7   286.6   351.0   388.6   417.2   453.4   502.8   589.2  1271.9  1735.8  5593.3  53416.1    53434
read      295.5   187.9    80.4   131.2   147.3   277.8   336.7   369.4   393.2   421.1   457.0   510.3   636.3  1347.7  8177.9  38146.4    38068
read      301.7   305.5    86.8   144.5   165.4   279.9   327.0   355.4   375.9   400.0   431.7   483.8   604.4  2998.0 12768.2   9232.9     9130
read      324.9   254.4    74.4   131.8   148.2   281.8   348.2   388.0   418.4   457.7   510.3   602.4  1327.2  2160.1  8639.0  69034.4    69227
read      297.3   178.1    80.4   131.3   147.6   277.6   336.8   370.1   394.6   423.7   461.3   516.7   658.1  1351.5  5688.3  37575.3    37496
read      300.0   190.5    74.4   129.9   145.8   275.1   339.2   375.8   403.5   438.0   483.8   551.3   702.0  1262.6  6087.1  83888.1    83925
read      302.5   180.8    74.4   130.4   146.2   284.1   345.2   379.9   404.9   435.3   474.5   533.5   677.6  1411.9  6303.8  50859.0    51037
read      292.5   194.9    80.4   132.4   148.7   272.1   334.3   368.2   391.9   418.8   452.2   501.7   615.7  1249.2  7970.9  33587.4    33690
read      309.6   182.8    74.4   135.7   152.1   289.7   352.8   388.4   414.4   446.7   488.8   547.6   705.9  1358.5  5285.4  51359.1    51474
read      308.9   204.3    80.4   133.3   149.9   283.5   349.1   387.1   415.3   450.4   496.6   565.2   725.3  1480.9  6647.9  73805.3    73708
read      301.0   181.7    80.4   130.7   147.1   273.2   337.6   375.0   404.0   441.5   491.7   567.3   723.2  1130.4  4285.0  98670.0    98618
read      296.9   167.1    80.4   129.0   144.7   272.7   337.0   373.1   400.3   433.4   476.7   544.1   689.9  1420.4  5434.2  82196.1    81977
read      302.7   181.7    80.4   130.0   146.1   276.0   340.0   378.1   407.1   444.8   494.2   568.4   720.9  1183.5  5575.7  91920.9    91567
read      301.9   198.1    80.4   130.7   146.6   283.8   343.9   378.5   403.5   433.3   470.8   531.0   667.2  1325.6  8643.9  48283.6    48236
read      307.0   191.7    80.4   131.0   147.6   280.0   344.3   383.4   413.3   452.2   503.6   580.5   730.6  1155.7  7165.1  91877.3    91726
read      303.2   181.2    80.4   131.0   146.9   286.1   347.5   382.4   407.4   437.1   476.4   535.7   661.3  1243.6  7346.5  52428.1    52458
read      304.1   196.5    74.4   130.5   146.3   281.7   344.9   382.2   409.2   442.3   485.1   547.7   688.7  1502.7  7712.4  70289.1    70467
read      305.0   182.8    80.4   130.7   146.5   281.8   346.3   383.9   411.2   445.2   489.9   554.4   706.3  1456.5  5816.8  71057.7    71151
read      300.6   164.4    80.4   130.4   146.0   281.2   343.9   379.7   405.5   437.2   478.6   540.1   675.6  1235.9  4295.1  65014.3    65016
read      293.5   167.0    80.4   129.6   145.4   276.1   335.8   369.0   393.2   421.7   457.9   510.4   632.2  1209.0  6800.3  42053.9    42057
read      305.7   179.8    80.4   131.0   147.3   282.4   346.2   384.2   412.9   449.1   496.8   565.9   701.9  1192.9  4745.1  78767.9    78821
read      298.1   168.4    74.4   129.3   145.0   279.7   342.1   377.1   402.5   433.4   471.9   532.6   656.9  1225.3  5793.7  60559.3    60720
read      294.0   167.5    80.4   130.4   146.2   277.9   336.3   368.5   391.9   419.4   455.2   508.0   628.1  1298.2  6120.8  39777.3    39911
read      300.9   232.0    86.8   140.0   158.8   280.9   329.6   360.3   383.2   410.4   446.9   503.1   614.1  2891.1  9889.0  10684.7    10628
read      310.0   197.8    80.4   131.0   147.0   280.2   345.4   383.4   411.5   446.9   493.6   566.0   894.1  2060.6  5092.5  73819.7    73736
read      282.2   229.0    86.8   148.6   170.4   265.5   303.6   325.3   341.7   361.8   387.2   426.5   519.6  2950.6 11048.8   7312.9     7334
read      321.9   258.9    80.4   130.7   147.2   279.2   345.2   385.2   416.2   455.2   506.7   593.3  1364.3  2681.7  9037.2  91472.6    91868
read      299.4   174.8    80.4   129.6   145.3   277.2   340.9   377.1   403.7   436.7   480.8   544.7   684.9  1207.3  5495.2  76437.7    76670
read      304.0   226.9    86.8   140.3   158.6   282.4   332.6   364.9   389.9   420.6   460.5   519.9   644.0  1491.6  9458.9  10492.6    10405
read      400.2   343.3    80.4   134.4   151.1   287.3   390.7   501.3   635.7   745.7   868.8   991.5  1177.7  3115.0  9797.8  25993.9    26019
read      318.8   212.7    80.4   132.2   149.0   290.4   355.8   394.0   422.8   457.5   502.1   573.2  1035.9  1806.0  5926.2  55580.0    55530
read      291.9   186.0    80.4   132.3   149.2   273.1   332.4   364.8   387.7   413.7   446.5   495.3   604.0  1330.0  7148.3  29564.3    29615
read      305.9   165.7    80.4   131.2   147.3   285.8   349.5   386.3   413.3   446.2   488.9   550.3   688.6  1327.3  5194.0  65930.9    66057
read      303.6   180.0    80.4   131.0   146.7   285.4   348.1   383.6   409.5   441.3   482.2   540.9   663.9  1366.2  5154.5  55094.6    55281
read      340.7   260.1    80.4   133.6   149.9   297.4   375.2   426.7   472.5   530.9   595.4   689.3   863.7  2090.3  9395.2  21198.1    21177
read      331.2   268.5    80.4   131.5   148.3   281.6   347.4   389.1   421.4   462.1   516.2   613.1  1569.7  2519.8  7622.1  87965.0    88239
read      308.7   212.1    80.4   131.8   148.1   284.5   349.8   387.4   415.6   450.4   494.4   558.4   696.6  1744.1  8436.8  70082.3    70227
read      339.2   225.8    80.4   132.3   148.4   289.2   371.3   426.7   478.4   546.0   621.8   720.1   902.3  1258.8  6723.5  23452.3    23421
read      340.9   308.9    80.4   134.6   152.0   285.7   353.4   397.1   432.3   476.1   534.1   635.7  1604.6  2813.4  9412.0  97117.0    97104
read      280.6   512.8    93.8   151.1   172.2   256.5   288.5   307.3   320.4   337.9   360.5   396.4   497.4  3953.6 31012.9   6273.0     6235
read      324.5   215.9    80.4   133.2   150.7   293.8   359.1   397.5   427.0   462.4   509.2   586.8  1109.9  1773.0  5704.1  57913.1    58045
read      351.8   316.2    80.4   132.6   149.7   288.9   371.2   427.7   486.7   569.1   657.6   767.1   982.7  2552.3 12091.7  23734.6    23729
read      313.5   211.0    74.4   132.0   148.8   283.5   345.1   381.7   408.1   440.5   485.9   562.2  1036.9  1626.8  7311.5  40871.9    40897
read      305.9   191.8    74.4   131.2   147.8   286.4   349.9   385.7   411.7   443.0   483.1   543.1   680.2  1268.0  7708.0  53272.3    53312
read      302.6   204.9    74.4   129.5   145.2   276.3   341.3   379.3   408.1   444.9   493.0   567.1   713.0  1229.3  6151.3  87151.0    87262
read      305.7   171.5    80.4   130.9   147.1   280.7   345.9   385.4   415.1   451.9   499.1   568.9   711.9  1214.9  5257.2  81881.3    81836
read      304.2   187.1    80.4   130.2   146.5   276.3   340.4   378.9   408.5   447.0   497.2   572.3   726.4  1396.3  5787.6  92282.6    92274
read      295.7   157.3    80.4   129.3   145.0   278.7   339.3   372.9   397.8   427.1   463.6   518.7   643.4  1225.2  5179.9  47154.3    47252
read      305.6   171.4    80.4   130.7   146.5   281.8   347.0   385.4   413.9   448.7   493.4   559.8   712.5  1519.7  4842.3  75767.6    75747
read      300.5   183.7    80.4   129.4   145.1   276.6   340.7   377.4   404.9   438.9   484.0   550.2   693.1  1340.8  6140.6  80982.4    80994
read      296.2   178.2    80.4   129.0   144.8   268.5   332.7   370.8   399.9   435.5   483.4   555.0   707.6  1103.4  5631.3  98169.9    98224
read      286.8   260.0    93.8   148.5   170.3   268.8   308.3   331.5   349.3   371.1   398.1   437.8   543.3  3237.0 10672.2   7841.3     7737
read      334.3   246.6    80.4   139.1   157.8   301.4   363.5   400.0   428.2   463.2   511.0   599.4  1135.8  1836.7  8228.3  37593.7    37514
read      322.5   255.9    86.8   146.5   167.6   293.1   349.5   386.5   415.0   450.9   498.6   568.4   710.2  2509.9 10353.4  10554.6    10640
read      355.3   325.1    80.4   133.1   150.8   289.5   357.2   401.5   437.5   484.6   546.0   682.4  1726.4  2694.6  9666.1  90324.4    90490
read      303.0   183.5    74.4   130.1   146.3   276.4   341.0   379.2   408.3   445.5   494.5   569.3   724.9  1100.2  5567.5  92656.1    92514
read      308.4   212.8    80.4   129.9   145.9   275.5   341.1   380.5   410.8   449.4   500.5   581.6   814.9  2154.6  6350.4  89137.1    89245
read      305.9   197.7    80.4   130.1   145.9   281.1   346.4   384.5   412.5   446.8   491.4   557.7   725.9  1709.1  6239.2  73869.9    73823
read      300.9   179.4    80.4   130.4   146.2   283.3   344.4   378.2   402.9   433.0   470.4   529.1   661.2  1265.8  5864.1  46674.3    46565
read      347.5   271.7    80.4   132.6   148.7   298.0   380.6   438.8   493.8   553.6   620.3   712.5   909.3  2806.5  8653.3  21502.9    21419
read      316.3   250.3    80.4   130.2   146.2   279.4   344.8   383.5   412.1   447.3   494.4   573.9  1236.8  1990.1  8890.1  66949.3    66915
read      292.8   208.6    80.4   131.1   147.3   271.2   333.1   366.6   390.1   417.1   451.1   501.2   628.4  1697.7  8088.7  31787.6    31667
read      301.4   192.1    80.4   129.7   145.6   278.0   343.2   380.4   406.6   439.1   480.7   542.3   683.3  1568.5  7576.0  72480.6    72255
read      307.8   170.6    80.4   132.5   149.2   279.5   345.3   385.3   415.9   455.0   506.3   585.8   739.3  1014.5  4557.2  99483.0    99535
read      294.3   258.7    86.8   142.2   162.6   272.6   319.0   346.7   368.0   392.2   421.4   466.7   581.0  3679.1  9632.6   9215.3     9226
read      317.5   235.6    80.4   130.9   146.9   279.5   345.1   383.9   412.8   448.3   495.7   577.5  1292.0  2033.3  6178.1  67739.6    67844
read      307.2   185.1    80.4   130.9   147.0   284.4   349.8   388.2   416.4   450.6   494.9   559.7   701.7  1340.7  5857.0  71405.0    71413
read      300.5   181.0    74.4   129.8   145.7   273.1   337.3   375.1   404.3   442.0   491.8   566.5   722.3  1169.2  4741.8  97410.9    97328
read      302.9   165.2    80.4   130.3   146.2   284.5   346.7   382.3   407.4   437.8   478.1   537.4   676.3  1390.9  4356.4  55377.7    55113
read      308.7   200.1    80.4   131.8   148.0   289.1   352.5   388.3   414.2   445.9   487.9   547.3   686.8  1524.6  8969.3  53506.6    53743
read      325.3   243.1    86.8   136.4   153.2   298.1   362.2   402.0   433.2   470.3   516.3   580.7   720.1  2998.5  9640.5  15207.4    15253
read      357.6   338.5    80.4   131.9   149.4   285.1   355.0   398.8   433.1   477.0   540.6   726.8  1716.5  2721.6  8466.8  90597.7    90605
read      360.1   304.5    80.4   132.6   148.8   289.7   380.9   448.0   521.8   605.6   692.8   796.0  1004.4  2422.2  9792.6  25758.7    25767
read      368.5   338.8    80.4   133.7   152.0   291.0   362.2   409.2   447.9   495.9   563.4   778.3  1753.2  2701.2  7282.2  93507.3    93458
read      305.0   215.5    80.4   130.5   146.9   276.4   341.2   379.8   409.1   446.9   496.6   571.8   727.5  1264.6  7908.5  95129.6    95080
read      303.5   176.2    80.4   130.0   146.0   277.8   343.0   381.4   410.3   446.9   494.9   569.6   723.3  1159.8  4009.4  88367.0    88399
read      310.5   195.4    80.4   132.3   149.0   281.3   346.8   387.1   418.2   457.3   508.9   588.5   744.9  1272.1  5370.6  95795.7    95681
read      289.6   184.7    80.4   130.4   146.3   270.1   332.1   365.2   388.4   415.0   448.1   497.9   607.2  1203.3  7903.7  33035.0    33003
read      307.0   172.4    80.4   132.1   148.6   279.0   344.3   383.7   414.0   452.4   502.9   581.7   740.1  1190.4  4706.7  98864.1    98809
read      303.7   178.9    74.4   131.1   146.9   282.9   347.4   384.0   410.0   441.4   482.4   543.4   678.4  1484.0  5814.4  64732.3    64610
read      299.7   164.1    80.4   130.1   146.0   282.6   342.7   376.5   401.4   431.7   469.7   530.1   674.4  1265.3  5626.7  51189.3    51183
read      287.2   264.8    86.8   135.7   151.1   274.1   333.0   360.7   378.8   398.6   424.8   463.5   566.8  1051.7 13433.3   2854.9    20194
