Timestamp start: 1684858772461
Timestamp end: 1684860575031

#type       avg     std     min      p5     p10     p50     p67     p75     p80     p85     p90     p95     p99    p999   p9999      QPS   target
read      373.5  1092.8    93.8   145.2   166.5   276.7   328.3   357.7   377.6   400.4   432.2   490.5  2576.1 12397.1 37383.8   7399.3     7434
read      312.2   262.1    80.4   128.4   142.9   268.2   333.7   371.9   400.6   434.7   479.7   557.7  1412.0  2429.7  7412.2  66983.9    67201
read      297.3   335.3    80.4   127.9   142.2   263.0   326.9   365.4   393.9   427.5   468.9   530.8   702.0  3173.7 13488.9  85928.1    85927
read      292.7   200.6    80.4   128.0   141.9   266.7   330.4   366.3   392.5   423.2   461.3   516.1   683.3  2259.8  6710.4  63799.7    63953
read      288.6   277.2    80.4   127.8   142.1   257.6   319.7   356.3   382.0   410.8   444.4   492.8   694.2  3241.5  8105.1  31590.0    31595
read      294.0   285.7    80.4   127.4   141.6   261.9   325.1   363.8   392.7   427.0   469.0   529.3   683.0  2841.6 10517.1  87748.7    87879
read      315.4   671.8    93.8   142.7   163.2   260.6   302.2   325.9   343.3   364.0   390.0   432.8  1215.2  8868.4 31453.5   7301.6     7287
read      323.5   362.8    80.4   128.1   142.5   269.1   334.8   373.2   402.8   440.1   491.6   595.6  1416.2  3837.2 10231.0  61902.1    62295
read      338.0  1032.5    93.8   146.2   166.4   256.2   293.4   315.4   332.0   351.1   374.8   418.1  2514.7 11535.9 37751.7   6558.7     6561
read      407.2   811.8    80.4   129.1   144.5   295.4   407.2   508.6   578.6   641.1   714.5   806.1  1167.8 10364.7 32697.3  22572.0    22532
read      313.4   328.1    80.4   128.5   143.1   272.1   336.8   374.2   402.0   435.3   478.5   547.2  1220.8  4502.7  9140.4  60736.3    60653
read      300.1   259.1    74.4   128.0   142.3   271.8   337.1   373.3   400.1   431.8   470.4   529.3   707.1  2695.8  7740.5  58939.6    59076
read      293.3   242.3    80.4   127.3   141.1   266.6   329.9   366.0   392.4   422.8   460.3   513.1   658.7  2739.8  9045.9  60265.1    60154
read      384.5   815.6    80.4   127.0   141.5   280.3   370.2   428.7   490.3   569.1   648.5   748.6  1201.9 13958.3 31605.2  22946.9    22964
read      368.2  1036.8    86.8   139.3   159.8   270.4   321.5   349.3   368.3   390.2   418.2   467.9  2980.3 11385.3 36304.4   8203.0     8172
read      414.1   669.7    80.4   128.1   143.2   283.1   394.7   507.2   619.4   711.2   795.8   925.4  1269.8  8724.0 30276.4  27710.0    27652
read      315.8   547.5    80.4   127.1   141.7   259.0   320.8   360.4   389.7   423.9   465.9   541.5  1115.6  8502.3 27205.0  37593.6    37594
read      408.6   826.3    80.4   126.8   141.5   285.1   388.0   466.9   546.6   623.2   703.4   805.3  1569.6 10182.4 33082.7  24278.6    24367
read      328.3   498.0    80.4   127.1   141.7   258.9   326.2   369.9   401.9   439.5   494.8   757.5  1147.6  6146.8 28309.7  33601.3    33771
read      297.7   314.4    80.4   128.0   142.5   265.0   330.9   369.8   398.3   431.9   473.2   535.7   688.6  3002.6 13380.5  84793.0    84944
read      297.6   292.7    80.4   128.0   142.1   263.7   329.0   368.7   397.7   431.6   473.7   536.1   713.4  3041.4 11525.1  85685.6    85666
read      295.7   269.9    80.4   127.9   142.1   269.3   330.7   365.8   391.6   422.0   460.2   514.0   690.3  2903.8  6734.5  52019.1    51918
read      286.1   271.4    80.4   127.4   141.4   256.1   315.9   351.2   376.8   406.3   440.3   488.8   640.3  3402.4  9043.0  34465.0    34406
read      407.2   792.3    80.4   126.5   141.5   274.1   374.5   450.1   548.1   662.0   763.5   893.6  1288.9 10046.5 32503.5  28731.1    28664
read      317.7   452.0    80.4   127.4   142.0   262.7   325.8   365.8   396.1   431.7   480.4   608.1  1117.1  4901.5 26717.3  38135.6    38289
read      393.4   940.6    80.4   126.8   141.3   287.1   375.3   435.3   495.5   559.3   625.2   720.0  1753.9 12302.9 33349.9  20727.7    20658
read      381.4   912.3    86.8   127.9   143.7   292.3   369.9   417.5   449.6   484.2   525.6   587.7  2364.4 10737.0 34568.4  13878.3    13840
read      322.3   376.4    80.4   128.5   143.6   267.0   332.8   374.6   407.5   447.0   496.1   575.1  1583.1  3252.6 13356.9  93216.9    93419
read      294.1   244.4    80.4   127.8   142.3   260.8   322.2   362.1   392.9   429.6   475.1   539.4   684.8  2839.6  7102.4  98089.9    98284
read      299.0   272.7    80.4   128.3   142.6   269.6   335.3   373.0   400.2   431.7   470.9   529.9   688.1  2905.7  9421.4  71502.3    71313
read      285.7   204.5    80.4   126.5   140.8   261.5   318.1   352.3   378.0   408.8   446.0   497.4   650.2  2105.6  6378.7  42017.6    42089
read      287.7   191.1    80.4   126.4   140.6   264.8   322.3   357.1   382.5   412.8   450.6   501.5   653.4  2226.2  5911.1  46449.3    46458
read      289.7   312.0    80.4   129.2   143.6   257.7   320.4   357.8   383.6   412.0   445.3   493.8   672.8  3986.3  9666.3  30778.6    30755
read      293.7   341.1    80.4   129.4   144.2   264.0   321.9   357.5   384.0   414.9   452.5   504.1   690.9  2694.1 13940.5  42892.6    42889
read      293.5   215.0    80.4   129.2   143.8   261.8   323.7   362.6   392.5   428.3   472.7   537.9   692.0  2489.0  5865.3  93517.0    93552
read      299.1   275.1    80.4   128.0   142.3   269.7   335.0   372.1   398.8   430.2   468.0   523.5   679.7  3410.4  9781.9  65697.9    65694
read      283.7   236.7    80.4   128.3   142.2   254.1   317.4   354.4   379.9   408.2   441.1   489.1   700.9  2106.6  8772.8  29491.0    29574
read      298.0   251.2    80.4   127.9   142.1   270.1   330.0   365.4   391.8   423.0   461.7   519.6   700.7  3646.4  5863.7  51458.6    51355
read      295.5   279.3    80.4   128.0   142.0   265.6   330.6   367.0   393.7   424.8   462.6   515.5   662.6  3537.9  9939.6  67482.9    67361
read      370.6   793.8    86.8   128.1   142.9   292.1   369.5   422.8   465.7   511.1   563.4   637.3  1430.8 10662.8 33044.1  16288.0    16287
read      345.2   540.9    80.4   130.4   146.0   275.9   344.6   388.1   421.5   462.1   516.8   632.1  1699.0  4906.6 17347.6  81471.6    81508
read      306.5   287.4    80.4   129.4   144.4   272.1   338.8   377.6   407.1   443.2   490.0   559.9   746.3  3201.7 11711.1  87768.4    87619
read      297.7   303.1    80.4   128.1   142.9   262.1   323.9   363.8   394.3   431.3   477.5   542.1   695.6  3180.8 13524.6  98880.7    99068
read      292.9   211.5    74.4   127.0   141.1   269.7   330.2   364.8   390.2   420.2   457.8   509.2   663.7  2442.5  6987.7  51329.4    51267
read      374.9   900.8    86.8   132.3   149.3   285.7   348.4   389.2   419.1   453.5   496.9   565.3  2674.3 10223.9 32049.6  11905.7    11822
read      367.6   431.8    80.4   131.1   148.0   273.8   345.2   397.0   435.7   480.5   539.2  1178.8  1786.7  3427.5 10145.2  97286.9    97494
read      301.4   284.8    80.4   128.9   144.0   265.7   329.7   369.5   399.9   436.6   484.1   550.0   729.6  3195.8  9715.7  97355.3    97350
read      292.6   224.8    80.4   127.0   141.2   268.3   329.3   365.0   391.3   421.8   459.7   512.4   683.6  2012.2  6465.6  55527.6    55460
read      303.9   297.5    80.4   128.9   143.7   269.4   334.6   373.9   403.4   439.1   484.4   549.3   738.6  3018.2 12056.6  86070.3    85984
read      299.0   301.6    80.4   128.1   142.4   265.5   330.8   369.7   398.9   432.7   473.9   534.1   690.6  3081.7 12010.5  81829.4    82043
read      298.3   324.8    80.4   127.3   141.4   270.3   331.2   366.2   392.1   422.8   461.4   517.6   703.9  2994.9 10150.7  52915.9    52873
read      357.8   807.3    80.4   128.1   143.2   285.1   346.9   388.0   420.2   457.4   501.9   567.1  1313.8  9722.2 32030.8  13905.9    13911
read      311.3   353.9    80.4   127.4   141.8   270.0   330.6   367.5   394.9   428.0   470.6   543.6  1175.9  4007.2 10817.0  50087.0    49984
read      356.1   888.4    86.8   138.1   158.2   274.7   328.7   361.0   383.3   408.8   441.6   500.4  2076.7  9911.3 32093.0   9249.7     9274
read      418.3   769.9    80.4   126.9   142.0   284.6   398.6   511.9   609.0   693.6   774.1   897.8  1471.1  9558.7 31755.2  27175.1    27187
read      399.4   828.4    74.4   128.5   143.7   302.8   399.8   472.7   520.0   568.3   623.9   710.8  1789.3 12696.1 31850.2  18733.3    18735
read      358.0   378.4    80.4   129.6   145.3   278.2   348.0   390.8   424.0   465.9   527.1   736.2  1859.3  2983.2  9964.0  86522.3    86505
read      297.1   355.2    80.4   127.4   141.7   261.1   324.0   362.8   391.8   426.7   470.5   535.4   698.8  3162.9 12186.0  93030.0    93039
read      304.9   301.3    80.4   129.1   143.6   271.1   336.6   374.3   402.6   436.3   479.6   543.0   775.8  3068.5  9427.0  76100.3    75999
read      287.1   201.7    80.4   128.9   143.3   259.8   320.5   358.0   383.8   412.6   447.4   497.8   686.4  2111.8  7778.7  32267.1    32324
read      298.5   266.8    80.4   127.8   142.0   264.7   328.5   367.4   396.5   431.0   473.3   537.8   761.6  2584.5  9459.3  84453.9    84255
read      295.6   286.4    80.4   127.7   141.7   264.3   328.3   366.8   395.0   428.0   468.3   526.5   678.9  2802.6 12234.1  81822.3    81759
read      289.5   239.9    80.4   127.2   141.7   262.1   320.6   357.3   383.7   413.5   450.0   499.8   663.4  2339.6  8292.9  37221.9    37291
read      293.8   215.9    74.4   127.3   141.2   269.6   330.6   366.0   392.0   422.6   460.0   511.9   674.5  2291.7  8769.2  53919.0    53818
read      289.8   361.6    80.4   127.3   141.1   254.7   316.7   352.8   377.7   404.8   436.5   485.4   704.6  5214.6 11063.4  30445.1    30297
read      289.1   253.1    80.4   128.8   143.5   259.7   322.2   358.7   384.1   412.5   446.4   496.1   658.2  2828.3  9491.7  31548.1    31569
read      292.5   268.1    80.4   127.6   142.1   263.7   323.4   359.4   386.0   416.8   453.9   505.5   697.0  2943.3  8629.1  38911.6    38927
read      372.9   842.4    93.8   134.5   153.7   288.4   351.2   388.5   414.8   445.1   485.4   551.5  2221.1 10194.7 31776.1  10691.7    10652
read      335.0   370.7    80.4   130.3   146.3   274.4   341.8   386.0   420.1   461.5   514.1   615.0  1630.9  4037.5 12435.7  97959.3    98119
read      299.2   281.5    80.4   127.8   141.9   272.6   333.0   368.9   395.7   427.1   466.7   525.2   721.8  2497.4 10348.4  47938.1    48176
read      299.7   354.0    80.4   128.9   143.9   266.7   327.6   364.2   390.7   421.4   458.9   513.0   743.6  4053.1 11037.4  34909.9    34929
read      299.2   248.3    80.4   128.8   143.2   270.2   335.8   373.7   400.6   432.7   471.7   531.3   703.7  2544.9  8241.6  69803.7    69735
read      367.5   620.7    80.4   128.1   142.6   288.1   372.6   429.6   488.7   557.7   628.8   722.2  1016.7  8944.7 32736.5  20845.7    20753
read      317.5   293.6    80.4   129.0   143.7   268.8   334.9   375.1   405.3   442.9   491.2   575.7  1465.8  2992.4  8932.5  84464.6    84642
read      295.3   294.6    80.4   127.6   142.0   266.4   325.1   360.3   387.0   418.1   456.1   507.4   741.8  2907.5 10014.5  42195.3    42333
read      294.9   259.4    80.4   127.8   141.7   267.5   331.2   367.2   393.4   423.8   461.1   513.0   672.0  2806.1  9411.4  61552.1    61587
read      297.9   317.3    80.4   127.9   141.9   264.9   329.2   367.9   396.3   429.0   468.5   525.8   687.1  3076.2 13050.2  78027.9    77998
read      302.7   248.9    80.4   131.0   146.4   266.7   331.4   371.0   401.5   437.8   485.8   554.8   751.4  2903.9  8539.4  97840.6    97625
read      406.6   733.8    86.8   131.8   147.4   297.2   396.0   470.2   550.4   631.2   714.3   824.4  1428.5  9684.8 31369.1  23699.6    23781
read      318.2   297.6    80.4   128.3   142.6   269.3   335.7   374.9   404.0   439.3   485.7   569.8  1479.7  3021.5  8886.4  66681.6    66723
read      289.7   292.1    80.4   127.8   142.1   258.3   322.4   360.1   385.8   414.0   447.5   496.4   692.4  2709.0 10634.4  30998.9    31016
read      294.5   293.7    80.4   126.9   140.9   268.2   326.2   360.6   386.3   417.3   455.3   506.9   689.6  2989.8 10151.8  47522.4    47394
read      296.3   247.3    80.4   128.2   142.7   261.8   325.0   364.3   394.7   431.5   477.1   542.7   720.2  3034.4  7967.9  95453.9    95335
read      347.6  1049.5    93.8   153.6   175.1   254.9   286.9   305.9   319.2   337.1   361.0   402.5  2912.2 14338.5 32722.4   5279.0     5252
read      414.4   482.6    80.4   129.9   145.1   263.7   337.8   398.7   466.1   646.5  1056.9  1409.8  1828.9  3159.7 12719.0  65837.0    65908
read      338.4   225.9    86.8   130.1   145.1   301.9   387.5   446.1   487.6   529.4   576.5   639.7   778.5  2164.1  8339.6  16921.6    16889
read      450.7   777.7    86.8   129.5   145.0   276.2   370.4   456.5   588.0   819.9  1003.4  1179.8  1744.0 10449.6 31042.7  42725.1    42912
read      737.8   800.0    86.8   200.5   225.6   437.9   593.1  1308.6  1428.6  1548.0  1663.8  1835.4  2738.9  8012.4 23728.4 100013.4    99898
read      417.3   710.6    86.8   126.7   140.3   273.8   379.8   483.3   600.1   706.9   807.5   987.5  1700.8  9128.0 30757.0  26479.6    26385
read      427.4   863.4    80.4   130.0   145.6   301.2   413.7   509.0   574.1   637.2   708.9   805.3  1754.3 13159.6 31284.1  22542.6    22616
read      380.2   412.4    80.4   130.2   146.5   266.6   341.0   398.1   452.6   571.1   878.9  1145.6  1456.8  2520.4 15185.6  50569.3    50605
read      302.8   211.7    74.4   130.1   145.8   274.1   338.7   376.3   405.4   442.1   492.2   568.1   731.5  1518.1  7476.1  90154.0    90283
read      305.6   244.0    80.4   135.2   151.0   279.6   344.9   379.5   402.7   430.6   466.9   525.1   743.4  2751.6  8399.7  26284.9    26273
read      315.9   201.8    80.4   133.4   149.3   292.5   357.6   394.9   423.1   457.8   502.9   570.8   771.2  1651.2  6074.7  48624.4    48521
read      305.7   184.9    80.4   133.4   149.4   282.8   344.8   381.0   406.9   438.3   479.1   539.4   722.2  1771.9  6241.3  33936.1    34058
read      319.0   216.1    80.4   133.8   149.8   290.7   358.1   397.6   428.4   466.8   518.1   593.8   783.4  1814.6  7557.3  75414.9    75648
read      383.4   514.7    86.8   136.7   152.9   307.4   399.8   470.4   538.2   608.7   680.4   774.0  1010.4  7265.8 25396.3  19518.1    19482
read      352.1   454.7    86.8   133.6   150.2   306.9   391.7   448.7   488.1   528.3   574.5   639.3   797.6  3482.4 23223.6  15060.0    15054
read      330.5   326.6    80.4   131.7   146.7   277.1   344.3   386.2   418.8   459.5   512.3   611.6  1619.7  2718.6  8462.5  75773.1    75754
read      280.6   310.1    93.8   154.3   177.1   257.5   289.5   309.6   324.1   342.6   365.8   401.0   535.6  4030.9 13261.4   5231.6     5187
read      391.9   390.7    86.8   137.4   154.2   305.4   413.5   523.6   596.2   663.7   735.7   832.7  1031.7  4979.1 10928.6  17646.6    17656
read      331.8   295.3    74.4   132.7   148.9   281.4   347.1   391.1   426.3   470.3   528.0   618.7  1560.0  2927.4  9505.1  96377.1    96343
read      300.4   227.1    80.4   130.6   145.7   274.0   333.3   370.0   397.2   429.2   468.5   525.5   733.2  2531.8  9630.7  36506.6    36665
read      317.6   235.6    80.4   132.9   148.4   284.2   351.9   393.7   425.5   465.0   516.2   592.4   799.1  2569.4  9315.8  85054.7    85269
read      302.5   361.2    80.4   131.2   146.1   271.9   333.2   369.9   396.6   427.3   464.3   516.3   740.8  2982.1 13947.4  31490.6    31525
read      311.4   253.7    80.4   131.4   146.2   282.6   348.1   387.5   416.3   450.7   493.9   554.4   765.8  2482.3  9389.4  61898.4    61798
read      328.3   274.4    86.8   137.4   154.3   294.7   358.8   399.7   434.1   476.7   524.4   587.3   731.0  4244.9 10182.7  12221.7    12253
read      418.6   332.6    80.4   136.0   152.8   298.9   408.5   524.3   688.0   798.4   921.1  1042.1  1239.5  2299.6  8860.0  25572.7    25710
read      344.4   352.2    74.4   131.5   148.2   285.7   352.0   392.8   425.6   467.7   527.2   633.0  1744.7  2970.6 11297.6  79889.3    79937
read      280.4   225.1    86.8   151.4   173.4   265.3   301.1   322.9   340.4   360.5   385.9   426.1   507.4  2130.7 12105.6   7259.0     7271
read      316.9   240.8    74.4   131.3   147.6   276.8   342.1   380.7   410.0   448.3   500.0   590.0  1135.8  2440.5  5800.7  85860.6    85861
read      303.6   183.1    80.4   132.1   149.2   278.0   340.2   377.2   405.7   442.1   490.7   563.2   709.8  1215.0  6353.0  91476.6    91467
read      299.7   168.9    80.4   132.1   148.8   277.7   340.6   376.0   402.1   434.0   473.6   536.8   677.4  1379.8  5992.7  72369.4    72217
read      287.9   207.6    80.4   130.7   146.4   264.5   329.0   363.1   386.4   412.3   444.8   494.2   620.5  1885.2  8714.0  31003.7    31080
read      300.5   177.1    74.4   130.0   145.6   276.8   341.2   377.6   404.6   438.0   482.9   548.8   693.3  1412.6  5587.1  76877.9    76878
read      297.9   165.9    80.4   129.8   145.5   272.7   337.2   373.9   401.7   435.9   482.1   550.1   693.3  1228.9  5316.9  84527.3    84584
read      307.4   217.6    86.8   137.8   155.4   287.2   339.8   373.3   398.8   428.4   465.8   523.7   651.8  2871.5  8206.8  12560.3    12492
read      320.5   235.6    80.4   132.7   149.2   287.9   351.9   389.5   418.0   453.5   501.6   582.6  1163.4  1742.2  8634.7  57079.7    57106
read      306.5   178.6    80.4   132.1   148.7   279.7   343.5   382.1   411.9   450.7   502.7   581.4   729.3  1132.9  5965.2  96327.3    96245
read      275.0   280.5    93.8   148.0   170.0   259.9   292.0   311.3   325.3   342.4   365.4   400.3   490.4  3947.1 10619.6   6807.3     6791
read      321.3   243.0    80.4   130.5   146.7   277.0   342.5   382.7   414.2   455.1   511.9   611.7  1303.4  2472.6  5664.9  90670.7    90728
read      274.3   264.8    93.8   158.9   181.0   256.9   286.7   304.1   317.2   333.3   353.0   385.5   476.3  4592.8  9350.3   5158.6     5151
read      325.2   254.5    80.4   134.9   151.6   280.9   346.8   386.7   417.3   457.4   513.2   611.4  1306.2  2536.2  6711.5  82901.7    82969
read      292.2   176.1    80.4   131.3   147.2   272.6   332.2   365.7   390.0   418.2   454.5   509.1   636.7  1241.6  6027.0  42558.4    42635
read      295.8   176.2    80.4   129.9   145.7   268.5   330.6   368.4   397.6   433.9   482.7   553.7   696.5  1087.8  5691.6  99246.6    99337
read      297.0   187.8    74.4   129.3   144.8   269.5   333.2   370.2   398.8   434.4   482.0   553.5   707.3  1240.7  5807.8  95290.7    95192
read      301.1   169.9    74.4   130.4   145.9   279.5   343.9   380.6   407.3   439.4   482.6   545.7   688.0  1257.8  5265.0  69079.9    69200
read      297.1   184.3    74.4   129.9   145.3   278.3   338.5   372.7   398.1   428.0   465.7   524.9   660.2  1254.6  5906.7  49588.6    49459
read      287.6   185.2    80.4   131.6   147.4   265.8   330.3   364.8   388.0   413.6   444.4   490.3   594.5  1251.8  6255.7  29190.7    29055
read      302.5   175.7    80.4   131.5   147.3   282.7   344.9   380.2   406.0   438.1   480.9   543.8   683.8  1302.5  5763.0  64219.9    64324
read      271.9   305.2    86.8   150.4   171.4   252.4   283.5   301.9   315.0   331.3   352.1   385.9   469.8  4883.7 11957.3   5720.1     5705
read      321.1   268.2    80.4   130.6   146.7   275.8   341.1   379.9   409.7   448.4   501.2   598.2  1373.8  2580.9  8361.9  84699.7    84816
read      343.6   278.3    80.4   132.7   148.6   290.2   372.2   424.7   473.1   544.7   623.6   727.0   937.3  3157.0  7762.0  23750.9    23714
read      312.9   237.0    80.4   129.7   145.2   274.2   339.3   376.5   404.6   440.4   489.6   570.7  1295.0  2160.6  5781.8  73855.4    74116
read      329.5   210.0    86.8   132.6   148.8   295.6   370.4   421.1   463.7   512.8   567.2   640.9   781.3  1149.9  6276.6  19897.0    19948
read      306.4   202.1    80.4   129.9   145.6   274.2   335.0   370.4   397.0   429.2   471.6   552.7  1085.4  1437.6  5989.2  44145.3    44213
read      334.1   256.9    80.4   132.9   148.9   296.8   372.4   423.5   464.9   512.9   568.9   644.7   794.4  2457.4  8991.8  19590.6    19454
read      279.5   202.5    86.8   147.5   169.0   265.6   306.5   329.1   344.7   363.6   386.8   421.9   503.3  2164.9  9463.4   7204.0     7190
read      332.9   232.8    80.4   134.9   152.6   295.8   361.3   399.7   428.9   464.0   512.8   604.4  1279.8  1776.5  6201.4  47631.3    47657
read      312.5   174.3    80.4   134.2   151.9   295.1   356.0   390.8   416.4   447.1   486.4   544.5   686.5  1317.2  4349.9  44523.0    44399
read      273.2   217.9    86.8   149.6   170.4   259.0   292.4   312.2   326.6   343.6   366.3   399.8   479.3  2841.0  8456.7   6481.3     6481
read      278.0   364.5    93.8   153.7   175.2   260.2   292.4   311.3   324.5   340.9   362.3   395.2   479.3  4270.2 16187.8   5812.0     5807
read      319.3   257.0    80.4   130.1   146.1   273.4   338.3   376.7   406.3   445.2   498.8   593.6  1452.9  2476.1  5815.1  82918.7    83137
read      298.4   258.1    86.8   143.1   163.8   278.6   326.8   355.7   376.1   400.8   430.4   475.5   584.6  3053.1  8555.0   9603.9     9580
read      328.9   263.8    74.4   135.5   153.7   292.6   354.6   392.5   420.9   455.6   504.7   606.4  1130.4  1599.8  8774.9  37345.9    37385
read      311.8   200.7    80.4   137.1   156.2   293.7   351.5   384.9   409.1   438.4   476.2   537.3   679.8  1314.8  6819.1  33735.7    33706
read      312.6   172.4    80.4   136.7   155.2   294.3   353.7   388.3   413.4   443.3   482.2   541.1   676.7  1493.7  6058.3  35106.6    35204
read      320.3   206.1    80.4   135.1   152.7   297.9   362.8   399.8   427.5   460.8   504.5   571.0   738.1  1632.1  7369.2  50562.4    50438
read      312.3   208.1    80.4   132.9   150.3   292.5   354.5   390.2   416.5   448.0   488.7   548.2   701.5  1489.9  7237.5  48872.4    48878
read      306.8   176.0    80.4   132.7   149.9   288.7   348.0   382.2   406.8   436.6   476.2   538.7   691.8  1355.5  4764.7  42798.4    42682
read      348.1   255.5    74.4   132.1   148.9   283.1   364.6   417.9   469.0   563.9   674.5   794.6  1023.0  1520.2  5845.5  27378.9    27416
read      319.1   226.8    80.4   130.5   146.3   278.2   342.9   382.0   411.5   448.4   500.1   592.1  1295.2  1940.8  5794.1  64433.3    64424
read      300.9   174.1    74.4   130.5   146.0   279.7   343.3   379.6   405.9   437.9   480.2   543.0   685.1  1327.6  5760.4  64302.0    64364
read      270.1   325.1    86.8   153.3   174.8   251.1   280.3   297.2   311.3   327.3   347.5   381.8   468.7  4139.4 17688.9   5476.3     5481
read      394.7   314.1    86.8   133.3   150.2   287.8   389.8   489.2   625.4   742.6   851.9   985.0  1160.4  1468.1  9412.3  26209.3    26227
read      398.7   337.1    86.8   133.6   150.2   286.4   387.8   483.6   627.3   754.0   875.2  1002.4  1185.0  2020.6  9619.4  26685.6    26586
read      315.8   232.8    80.4   131.2   147.4   278.6   343.5   382.3   412.1   450.6   501.2   582.8  1264.6  2392.3  7632.4  86292.6    86286
read      341.5   248.2    80.4   130.7   146.7   287.5   372.8   431.0   488.3   555.9   627.9   727.4   922.0  1353.7  8646.8  24431.1    24452
read      367.1   310.2    80.4   130.8   146.6   291.9   398.6   489.7   560.4   628.3   704.0   799.3  1006.8  1904.5  9793.3  26916.7    26832
read      368.8   296.4    80.4   129.7   145.3   281.6   382.6   472.9   568.6   655.8   743.5   866.8  1065.7  1834.1  9708.5  29621.4    29795
read      316.6   214.1    80.4   130.4   146.2   278.2   340.9   378.6   407.5   443.8   495.6   599.0  1155.8  1641.8  5699.4  46269.4    46224
read      297.9   189.6    74.4   129.5   144.9   272.4   336.2   372.7   400.5   434.9   481.4   550.5   702.5  1256.1  4361.4  84590.0    84587
read      304.0   188.6    80.4   131.2   147.1   282.6   345.9   382.2   408.4   440.8   483.0   544.2   685.3  1524.4  7220.4  63609.1    63389
read      298.9   190.3    80.4   130.8   146.5   281.1   341.3   375.3   400.1   429.8   467.3   526.1   658.4  1232.8  6623.7  46934.6    46953
read      299.1   171.7    74.4   129.4   145.0   272.2   336.8   374.5   403.0   438.4   486.8   558.8   712.7  1271.1  5094.6  90518.3    90536
read      304.2   199.5    80.4   138.0   156.3   287.3   340.6   372.7   396.8   425.3   461.2   514.1   634.1  1027.0  6605.5  12458.1    12508
read      326.0   249.9    80.4   136.8   154.1   286.6   348.8   386.7   415.3   451.5   502.8   617.8  1145.8  1597.6  6614.9  38300.4    38491
read      304.5   181.8    80.4   133.5   150.1   275.4   339.7   378.1   407.5   445.7   497.3   575.5   733.0  1216.0  6592.8  97816.4    97806
read      302.2   228.4    86.8   138.1   155.8   284.1   335.9   367.3   390.3   416.8   450.6   502.1   619.6  2488.8  8102.1  11779.7    11813
read      324.8   231.5    80.4   132.5   149.9   284.7   346.9   385.8   414.7   450.1   500.6   620.2  1172.0  1555.0  7892.9  39476.7    39665
read      313.9   189.0    80.4   133.3   150.2   293.7   357.7   394.7   422.0   454.1   495.9   558.5   709.2  1454.7  6405.6  53686.4    53571
read      309.4   188.6    80.4   131.9   148.4   287.0   352.4   390.0   417.4   450.1   492.5   554.8   704.5  1647.4  6506.8  63275.6    63215
read      301.0   179.3    80.4   129.6   145.3   275.6   340.7   378.4   406.2   440.4   485.3   551.5   698.2  1720.2  5893.5  78864.1    78767
read      295.0   285.4    93.8   145.9   167.1   273.4   316.7   342.7   363.0   386.3   414.8   459.0   575.4  4073.6 12893.9   8702.3     8615
read      311.1   223.7    80.4   130.9   146.7   278.8   343.7   382.3   410.7   445.8   492.7   565.6  1024.3  1941.7  7596.1  67862.6    67903
read      317.3   203.5    86.8   135.2   151.6   295.5   358.7   397.8   429.0   467.7   512.4   576.5   700.6   946.8  9862.7  16488.1    16398
read      307.8   208.1    80.4   130.6   146.4   280.6   342.3   377.8   403.9   436.1   479.5   548.7  1012.9  1576.9  8817.4  53404.7    53434
read      292.2   168.0    80.4   130.6   146.7   273.3   333.0   367.2   391.9   420.6   456.1   507.4   626.2  1150.2  5898.5  38151.0    38068
read      297.1   205.8    93.8   143.2   163.3   277.4   326.1   354.9   375.1   398.2   427.1   469.9   581.0  3820.7  6888.7   9117.7     9130
read      310.8   216.1    80.4   130.5   146.4   277.7   343.6   381.4   409.4   444.3   491.7   566.0  1060.4  1912.0  6851.3  69272.0    69227
read      289.8   176.2    80.4   129.8   145.6   269.6   329.6   363.9   388.6   416.7   450.8   501.5   623.9  1256.3  7727.6  37417.1    37496
read      299.3   201.5    80.4   129.1   144.6   272.0   337.8   375.2   403.4   437.2   482.6   550.5   708.1  1694.6  7261.6  83988.3    83925
read      297.0   185.7    80.4   129.1   144.5   277.6   339.9   374.4   399.8   429.9   467.7   526.4   657.4  1276.6  6298.6  51023.3    51037
read      284.5   179.8    80.4   129.2   144.7   262.8   324.6   359.2   383.3   409.9   443.3   492.2   601.5  1143.1  6425.9  33804.6    33690
read      304.7   172.9    74.4   130.9   146.7   284.7   347.9   383.9   409.6   440.9   482.2   543.0   692.2  1396.9  5618.7  51579.0    51474
read      302.2   163.0    74.4   131.0   146.7   279.6   344.5   381.5   409.1   443.4   488.0   552.9   691.5  1246.2  4183.6  73660.4    73708
read      297.9   184.2    80.4   129.5   145.5   269.3   333.6   372.0   401.7   438.2   487.4   560.8   713.0  1177.0  5194.1  98641.0    98618
read      301.9   185.1    80.4   130.2   145.8   277.2   341.8   379.4   407.9   443.8   491.2   561.1   706.1  1162.5  5658.2  81987.1    81977
read      298.6   166.3    80.4   129.2   144.8   271.7   336.6   374.4   403.4   439.7   488.7   560.8   713.8  1129.4  4566.4  91483.7    91567
read      302.8   167.8    80.4   130.5   146.5   284.3   345.9   381.0   406.2   436.5   476.7   537.0   682.8  1362.0  5657.1  48102.9    48236
read      303.7   197.1    80.4   130.5   146.6   275.1   339.5   378.1   408.3   446.4   496.8   572.8   723.8  1517.7  7741.1  91802.9    91726
read      300.6   183.8    80.4   130.1   145.7   280.5   343.1   378.7   403.8   435.2   474.9   535.9   679.4  1282.3  7012.2  52419.7    52458
read      303.6   174.4    74.4   130.8   146.7   280.2   345.5   382.5   409.8   444.0   488.4   551.8   703.3  1516.7  5663.9  70495.7    70467
read      298.7   197.1    80.4   129.6   145.0   275.9   340.1   375.7   402.5   434.8   477.2   540.3   677.3  1338.6  6532.9  71031.7    71151
read      303.2   184.9    80.4   130.2   146.0   280.9   346.1   384.2   411.5   444.6   486.7   546.2   683.9  1389.4  5381.8  64821.6    65016
read      291.3   178.1    80.4   129.4   144.9   272.6   332.3   366.4   391.1   419.9   455.8   507.9   629.2  1179.3  7671.5  42042.0    42057
read      302.1   210.2    80.4   129.7   145.3   276.9   341.6   379.7   407.3   442.0   487.8   555.8   710.3  1283.4  6748.0  78905.9    78821
read      299.9   174.6    74.4   129.6   145.1   279.7   343.3   379.4   405.4   436.7   477.1   536.9   671.9  1276.4  6287.7  60766.3    60720
read      295.4   199.8    74.4   130.3   146.1   275.1   335.7   370.2   395.0   423.5   459.3   513.7   637.5  1394.2  7934.3  40028.0    39911
read      307.4   287.6    86.8   139.7   159.8   283.8   337.0   369.0   392.0   418.4   451.8   502.1   628.0  3757.4 11773.9  10661.7    10628
read      313.3   243.7    80.4   130.2   146.0   275.7   341.4   379.7   408.9   445.6   495.2   577.8  1125.0  2030.4  8107.4  73684.9    73736
read      281.8   225.9    93.8   147.2   168.3   265.8   304.8   327.4   343.8   364.1   389.4   426.5   515.4  2755.7  8130.4   7349.9     7334
read      335.7   307.3    74.4   130.5   146.9   276.9   343.5   385.2   417.4   458.1   514.4   630.3  1650.3  2747.1  8705.5  91546.7    91868
read      302.6   175.4    80.4   130.2   145.9   278.2   343.1   380.7   408.7   443.4   488.4   555.1   702.8  1324.8  5833.3  76748.1    76670
read      297.3   169.2    80.4   140.1   159.7   278.9   330.3   361.7   385.1   411.8   445.7   497.2   612.7  1318.6  6911.2  10369.3    10405
read      396.4   326.1    86.8   134.8   152.2   291.2   398.3   505.1   618.6   721.6   822.1   968.8  1164.9  2158.6  9976.1  26115.4    26019
read      327.9   223.1    80.4   133.8   150.8   291.6   358.1   397.3   427.5   464.9   515.1   593.9  1241.3  1918.8  5880.9  55450.0    55530
read      290.0   214.5    80.4   132.1   148.7   268.7   327.5   359.6   382.0   406.7   437.0   485.6   590.5  3403.1  8241.7  29629.3    29615
read      295.4   210.4    80.4   128.8   143.9   273.7   336.3   370.9   396.5   426.8   465.0   525.5   657.8  1472.6  6953.7  66117.7    66057
read      295.2   173.5    80.4   129.5   144.7   276.1   337.6   371.7   397.0   426.8   464.9   523.3   656.0  1273.5  5665.0  55354.9    55281
read      341.5   215.5    80.4   135.3   151.7   299.1   378.3   433.4   485.2   541.5   603.1   690.1   850.4  1285.6  6577.3  21251.3    21177
read      346.9   325.7    74.4   135.8   153.1   286.6   355.8   399.2   434.1   478.5   539.9   664.1  1660.7  3166.3 10221.8  88316.0    88239
read      296.1   192.9    74.4   130.0   145.4   272.8   336.8   372.8   399.2   430.3   469.8   531.8   670.3  1467.1  5758.3  70190.7    70227
read      343.8   296.8    74.4   130.1   145.8   291.4   376.4   434.3   489.3   548.7   613.4   709.1   916.1  2985.9  9952.5  23391.7    23421
read      355.9   346.6    80.4   132.9   150.7   285.3   353.3   397.0   432.5   478.8   544.5   709.5  1701.6  2709.9 10571.1  97135.6    97104
read      276.1   282.0    86.8   149.8   170.9   257.9   291.0   310.8   325.0   342.3   365.1   399.7   495.1  4324.7 10781.2   6222.9     6235
read      323.5   250.5    80.4   131.4   147.6   283.8   348.6   387.6   417.0   453.9   503.4   589.7  1310.4  2111.0  7176.6  57967.0    58045
read      341.7   243.0    80.4   130.6   146.4   292.2   379.7   438.4   491.4   550.0   616.5   708.2   891.6  1897.0  8071.6  23658.0    23729
read      308.1   216.0    80.4   130.5   146.4   273.7   336.5   373.0   399.9   432.8   479.9   575.8  1013.3  1382.2  7252.8  40769.4    40897
read      297.1   168.6    80.4   129.7   145.3   278.5   339.3   373.0   397.6   427.4   465.9   525.7   671.0  1384.2  5305.8  53252.3    53312
read      298.2   180.2    74.4   129.0   144.5   272.0   336.5   373.4   401.2   436.0   483.3   554.2   708.1  1296.4  5698.6  87321.6    87262
read      301.8   187.6    80.4   129.8   145.4   276.4   341.3   379.1   406.9   441.6   488.1   557.3   714.1  1367.0  5593.7  82010.0    81836
read      303.2   184.2    80.4   130.3   146.2   275.6   340.1   377.9   407.4   445.3   496.3   572.4   728.8  1271.3  5957.3  92403.6    92274
read      297.6   165.6    80.4   129.6   145.5   279.6   340.6   374.5   399.7   429.0   466.0   525.2   655.2  1324.2  5539.5  47138.7    47252
read      303.6   206.2    80.4   130.1   145.8   278.7   343.6   381.5   409.6   444.6   490.0   555.5   701.4  1397.0  7375.2  75934.3    75747
read      300.9   191.3    74.4   129.7   145.3   274.6   340.6   378.4   406.4   441.5   487.2   553.3   701.7  1553.2  6199.2  81216.0    80994
read      301.7   184.4    74.4   130.8   146.9   272.8   337.0   374.6   404.0   441.7   492.8   570.7   732.5  1251.5  6069.4  98444.9    98224
read      284.8   210.0    93.8   147.1   167.7   267.7   307.2   331.1   348.5   370.3   397.0   436.9   545.7  2169.5 10680.7   7704.3     7737
read      329.0   232.1    86.8   134.9   153.2   292.7   355.0   393.1   422.2   458.6   508.7   611.2  1144.5  1530.1  6393.9  37519.9    37514
read      305.8   249.3    86.8   140.7   161.6   279.1   331.5   364.4   390.0   421.1   460.3   518.2   633.6  3294.8 10578.5  10589.3    10640
read      333.3   299.5    74.4   131.1   147.7   276.6   342.5   383.7   416.6   459.7   519.8   638.3  1664.3  2976.0  6194.4  90350.4    90490
read      302.1   194.0    80.4   130.3   146.2   274.7   339.1   376.9   405.4   442.8   492.1   567.3   725.7  1200.6  7804.9  92516.3    92514
read      302.6   187.5    80.4   130.3   146.4   275.5   340.8   379.4   408.7   445.3   493.9   568.1   722.5  1158.2  6429.2  89240.1    89245
read      303.9   173.7    80.4   130.4   146.2   279.9   345.4   383.8   412.0   446.6   491.2   557.8   709.2  1275.0  5192.6  73945.3    73823
read      298.7   219.5    80.4   129.9   145.6   279.2   339.1   372.8   397.7   427.3   465.2   523.3   665.4  1595.8  9653.2  46468.4    46565
read      328.8   208.8    80.4   131.8   147.8   294.8   369.8   417.6   460.9   512.6   569.1   647.6   790.5  1098.8  6293.3  21577.4    21419
read      315.1   235.8    74.4   129.3   144.8   272.5   337.7   375.4   404.3   441.4   492.7   586.3  1307.7  1851.1  6331.4  66969.3    66915
read      282.6   169.6    80.4   130.5   146.1   261.8   323.7   357.4   380.5   406.2   436.3   481.9   585.7  1232.7  6939.1  31536.0    31667
read      295.4   191.0    80.4   129.0   144.3   273.7   336.9   372.0   398.0   429.2   468.5   531.1   670.9  1342.8  7276.6  71993.4    72255
read      303.4   204.4    80.4   131.5   147.7   273.7   338.1   376.8   406.6   444.6   495.4   574.4   736.6  1283.5  6256.4  99573.1    99535
read      287.6   205.8    86.8   142.2   162.8   272.5   314.9   341.9   362.0   384.7   412.8   457.5   550.5  2039.6  8726.5   9271.0     9226
read      314.1   240.2    80.4   128.8   144.1   270.4   334.7   372.0   400.7   435.7   485.2   577.7  1377.1  1993.5  6901.8  67819.4    67844
read      301.3   170.2    80.4   130.4   146.2   278.6   343.2   380.4   407.4   441.1   485.2   548.7   691.0  1220.3  4871.5  71525.7    71413
read      299.9   178.9    80.4   130.3   146.4   272.3   336.1   373.7   402.9   440.2   489.8   562.9   720.2  1168.5  4877.3  97109.3    97328
read      297.8   187.6    80.4   129.3   144.7   278.1   340.0   374.3   399.6   429.4   467.7   527.7   667.2  1384.8  7358.1  55136.1    55113
read      299.4   174.4    74.4   129.8   145.3   279.9   342.4   377.3   402.3   433.3   473.0   534.7   677.6  1240.3  6304.2  53723.6    53743
read      308.8   218.1    80.4   132.9   149.5   287.2   345.4   382.8   411.3   446.6   491.0   550.1   674.9  2092.3  7939.0  15234.1    15253
read      317.2   257.2    80.4   130.9   147.1   278.1   343.5   383.4   414.3   454.0   507.3   593.9   991.8  2571.7  9288.0  90482.1    90605
read      347.2   279.6    80.4   130.9   147.0   285.9   372.3   431.6   490.6   566.5   649.9   754.3   958.5  2094.8  9740.1  25788.9    25767
read      324.7   251.3    74.4   131.3   148.2   279.7   344.6   385.9   419.3   461.5   516.5   607.8  1495.4  2439.5  7096.8  93373.4    93458
read      301.2   180.7    80.4   130.2   146.2   273.4   337.5   375.4   404.8   442.4   493.0   569.7   724.9  1201.4  4968.4  95217.7    95080
read      302.1   184.3    74.4   129.8   145.5   276.4   340.5   378.1   406.7   443.9   492.8   567.1   715.3  1174.1  6467.5  88518.9    88399
read      300.1   187.0    74.4   129.8   145.8   271.6   336.8   374.9   404.2   441.5   490.5   563.7   719.3  1226.6  5859.3  95638.6    95681
read      286.0   215.8    80.4   129.9   145.6   264.8   325.6   358.7   381.7   407.0   438.8   488.6   592.9  1439.8 10780.7  32846.6    33003
read      300.6   190.6    80.4   131.0   147.2   271.7   334.9   372.5   401.7   439.3   490.9   567.8   725.1  1231.9  7228.0  98827.3    98809
read      302.0   172.3    80.4   133.2   149.4   280.1   343.6   379.7   405.7   437.9   479.3   541.7   687.2  1273.5  5739.7  64460.1    64610
read      293.5   168.6    80.4   131.1   146.7   274.3   334.6   368.0   392.5   421.6   459.1   514.0   645.1  1358.5  6472.6  51269.9    51183
read      270.2   180.9    80.4   130.3   145.3   259.5   315.5   340.3   357.3   375.8   398.0   432.9   505.3  1150.5  8462.2   2879.3    20194
