100.96.4.6
#type       avg     std     min      p5     p10     p50     p67     p75     p80     p85     p90     p95     p99    p999   p9999      QPS   target       ts_start         ts_end
read      198.5   272.9    74.4   110.5   119.0   170.2   199.4   218.5   233.9   253.8   278.5   310.0   399.1  4226.2  8099.7  30027.5    30000  1684934634349  1684934644482
read      199.3   214.7    74.4   112.2   122.0   176.5   206.1   225.0   239.4   258.0   280.8   310.1   380.0  3431.0  8050.7  29934.0    30005  1684934645989  1684934656105
read      199.0   305.8    74.4   110.8   119.8   169.7   197.4   215.6   230.0   248.1   270.6   299.9   384.7  4679.1 12658.8  29955.3    30010  1684934657613  1684934667715
read      191.3   151.2    74.4   111.8   121.1   173.9   202.3   221.2   235.1   253.5   275.2   303.1   366.0  1497.9  7181.8  30079.0    30015  1684934669220  1684934679325
read      188.9   166.4    74.4   110.8   119.6   171.2   198.9   216.8   231.1   249.0   270.6   296.8   356.6  2060.9  7735.0  30067.2    30020  1684934680830  1684934690938
read      191.6   176.7    74.4   112.9   122.1   174.1   202.1   220.7   234.4   252.3   273.4   300.3   360.6  1588.2  7976.5  30045.7    30025  1684934692446  1684934702556
read      190.4   165.1    74.4   111.2   119.9   172.0   201.0   219.4   233.6   251.4   272.4   299.1   366.2  1919.8  8111.5  29961.8    30030  1684934704063  1684934714168
read      193.5   163.9    74.4   113.3   123.0   176.9   205.5   223.7   237.3   254.7   275.5   303.3   368.5  1472.1  7897.0  30024.0    30035  1684934715674  1684934725776
read      191.0   152.2    68.9   111.4   120.3   173.4   202.9   222.0   236.0   254.6   276.0   303.8   365.0  1456.5  7419.0  30049.8    30040  1684934727282  1684934737383
read      190.4   156.2    74.4   111.7   120.7   173.1   202.1   220.9   234.7   252.4   273.1   300.4   359.9  1408.5  6978.1  29999.0    30045  1684934738889  1684934749000
read      190.3   161.7    74.4   112.2   121.2   173.4   201.5   220.0   234.1   251.7   273.1   300.5   359.5  1257.0  7959.5  30066.5    30050  1684934750509  1684934760605
read      192.1   429.6    74.4   111.8   120.6   172.2   200.3   218.6   232.8   250.5   271.8   299.2   362.3  2293.6  8048.2  30113.2    30055  1684934762111  1684934772218
read      188.5   161.7    74.4   112.0   120.9   171.7   198.8   216.5   230.4   247.8   269.0   296.5   364.2  1174.8  7880.4  30011.3    30060  1684934773724  1684934783834
read      189.4   188.6    74.4   111.6   120.4   171.2   198.8   216.8   230.9   248.7   270.5   298.0   365.5  1650.7  7985.5  30038.5    30065  1684934785342  1684934795442
read      191.9   155.2    74.4   114.0   123.5   175.6   203.4   221.5   235.1   252.8   273.7   301.0   361.9  1086.0  7812.8  30036.3    30070  1684934796947  1684934807051
