


//-----------------------------------------1st run----------------------------------------//

#type       avg     std     min      p5     p10     p50     p67     p75     p80     p85     p90     p95     p99    p999   p9999     QPS   target
read     1259.8  1375.4   160.7   247.2   280.8   526.2  1832.9  1934.9  2004.8  2159.5  3021.2  3670.4  4051.6 15780.9 31587.8  29879.6    30000
read     1129.7  1309.5   160.7   246.5   279.7   490.6  1768.9  1886.4  1964.3  2052.9  2618.7  3285.7  4091.8 14555.9 32297.7  35077.4    35000
read     1032.2  1318.6   160.7   247.2   279.4   478.7   683.0  1816.3  1906.6  1998.2  2174.1  3071.2  4830.6 15957.9 31917.0  40132.2    40000
read      955.5  1363.3   148.8   255.7   288.3   488.7   620.9   806.4  1810.3  1942.5  2078.5  2973.4  5116.8 17771.5 32394.7  44946.6    45000
read     1307.4  2091.2   160.7   328.0   395.2   597.0   856.2  1040.3  1134.7  1961.6  4445.4  4987.9  7591.2 30739.1 37528.7  47661.8    50000
read     1382.5  2110.6   173.5   398.3   432.5   631.3   877.1   997.1  1082.5  3593.4  4598.1  5032.6  7719.9 30830.5 37908.9  49652.9    55000
read     1502.5  2277.0   187.4   446.6   481.7   661.3   982.9  1095.1  1181.9  4106.8  4672.4  5165.1  7896.3 31548.3 38442.1  46332.8    60000
read     1462.9  2263.2   202.4   438.1   471.3   628.1   952.8  1064.2  1147.1  3970.8  4655.9  5114.4  7886.7 31100.5 42157.0  47829.2    65000
read     1496.7  2301.1   187.4   444.3   479.0   644.7   976.5  1083.7  1167.5  3985.8  4681.6  5184.9  7980.7 31384.5 40297.0  46663.8    70000
read     1429.4  2205.2   187.4   422.1   455.6   619.6   927.4  1042.5  1116.7  3808.4  4640.6  5103.7  7853.6 31118.5 37650.6  48540.4    75000
read     1423.4  2196.7   187.4   421.8   454.3   609.6   927.7  1022.4  1091.8  3768.9  4640.2  5087.4  7882.0 30877.2 39229.6  48953.4    80000
read     1509.7  2291.9   173.5   452.6   489.3   642.9   994.6  1106.4  1187.3  4181.8  4685.6  5162.8  7904.7 31205.9 40922.6  46288.0    85000
read     1486.6  2313.8   187.4   443.0   477.2   634.9   968.9  1070.1  1151.8  3909.5  4670.1  5229.4  7915.6 31430.1 37686.1  47175.0    90000
read     1469.4  2326.7   173.5   441.5   474.0   625.1   962.2  1058.1  1129.8  3847.3  4659.7  5184.6  7957.0 31648.0 37903.8  47641.4    95000
read     1466.2  2192.0   202.4   441.2   475.3   633.7   967.2  1071.3  1154.5  3997.0  4662.4  5104.3  7860.9 31340.3 37477.3  47313.0   100000
read     1514.0  2316.9   187.4   460.9   493.5   642.5  1002.6  1098.7  1180.3  4078.0  4694.0  5191.1  7933.3 31550.2 39805.8  46288.0   105000
read     1507.5  2274.6   173.5   458.5   493.2   645.0  1004.1  1106.4  1182.7  4101.3  4685.5  5143.8  7941.3 31337.1 37929.3  46243.6   110000


//-----------------------------------------2nd run----------------------------------------//

#type       avg     std     min      p5     p10     p50     p67     p75     p80     p85     p90     p95     p99    p999   p9999     QPS   target
read     1247.4  1351.1   160.7   247.1   280.3   513.3  1839.0  1940.5  2004.0  2151.4  2967.4  3560.9  4040.8 15282.8 31510.2  30101.2    30000
read     1135.2  1372.9   160.7   244.1   276.2   484.5  1772.4  1889.1  1965.1  2050.4  2631.6  3235.1  4114.7 15580.8 32497.3  35006.0    35000
read     1047.0  1427.5   160.7   252.5   285.5   495.3   687.3  1797.2  1894.7  1994.7  2168.8  3319.6  5107.1 18088.9 33821.5  40023.0    40000
read      947.9  1355.2   160.7   259.5   295.8   502.6   639.3   808.9  1794.5  1932.7  2065.5  2720.7  5059.6 17973.2 32936.7  44829.4    45000
read     1474.7  2274.0   187.4   440.8   474.6   639.9   963.8  1061.0  1143.7  3850.7  4664.7  5158.4  7950.8 31265.5 40209.8  47017.2    50000
read     1458.6  2271.6   173.5   439.3   471.5   625.1   958.3  1049.3  1122.3  3869.8  4656.1  5111.1  7919.0 31440.3 38959.8  47835.8    55000
read     1442.9  2255.6   187.4   425.9   460.6   621.3   938.1  1041.8  1114.2  3821.9  4643.1  5123.6  7904.1 31375.0 37780.0  48338.8    60000
read     1412.5  2150.2   187.4   416.8   449.1   620.8   914.8  1029.2  1106.8  3779.0  4621.3  5075.8  7812.8 30930.2 37549.4  48940.4    65000
read     1500.0  2219.8   187.4   453.8   488.2   651.6   997.2  1093.8  1178.6  4190.8  4681.3  5121.4  7837.4 31276.4 38237.1  46215.8    70000
read     1478.3  2244.1   202.4   442.0   476.8   635.9   970.2  1074.6  1160.2  4085.3  4667.1  5099.0  7860.7 31356.0 37708.2  47147.6    75000
read     1467.4  2306.6   218.6   438.2   471.9   629.0   962.0  1059.3  1134.7  3859.9  4661.9  5137.4  7912.0 31598.5 40570.1  47689.7    80000
read     1547.9  2381.0   187.4   467.8   501.2   666.9  1024.7  1126.2  1207.1  4176.5  4713.1  5291.1  7986.7 31667.3 38719.1  45356.8    85000
read     1465.0  2248.8   187.4   439.1   471.7   628.5   963.5  1061.0  1138.8  3920.2  4663.1  5120.3  7967.9 31327.2 37532.6  47524.2    90000
read     1493.9  2274.8   187.4   444.1   479.4   653.1   976.8  1082.7  1170.4  4074.3  4677.6  5124.8  7841.2 31585.2 37829.0  46639.4    95000
read     1528.4  2335.7   202.4   463.9   496.6   655.4  1012.6  1111.8  1190.3  4239.8  4697.6  5221.3  7921.7 31674.8 39588.3  45846.6   100000
read     1487.0  2311.1   187.4   447.4   479.7   635.6   980.4  1074.9  1155.8  3983.8  4679.0  5130.0  7953.8 31623.5 43791.7  47068.4   105000
read     1458.2  2248.4   187.4   429.3   463.5   632.4   950.2  1053.2  1130.6  3875.5  4654.1  5128.6  7981.2 31187.6 39463.6  47882.6   110000



//-----------------------------------------3d run----------------------------------------//

#type       avg     std     min      p5     p10     p50     p67     p75     p80     p85     p90     p95     p99    p999   p9999     QPS   target
read     1231.3  1313.6   160.7   245.4   279.6   512.4  1828.9  1926.0  1990.3  2110.0  2908.3  3505.5  4033.6 13505.9 31686.2  30001.6    30000
read     1122.1  1318.3   160.7   243.9   277.3   489.6  1763.0  1868.6  1946.8  2029.4  2570.9  3233.1  4056.8 15713.3 32093.0  35096.4    35000
read     1024.6  1364.3   160.7   247.4   280.8   487.9   683.8  1802.7  1893.4  1985.4  2138.0  2984.9  4996.5 16086.8 32522.5  40082.6    40000
read      948.1  1422.7   160.7   263.0   299.4   507.6   638.3   789.9  1766.2  1919.9  2053.2  2766.5  5487.9 20037.0 36795.7  45106.4    45000
read     1493.3  2259.9   173.5   448.2   482.1   642.7   982.8  1082.8  1167.2  3968.4  4675.7  5203.1  7959.6 31374.2 38390.8  46308.2    50000
read     1400.8  2212.3   202.4   407.8   443.9   611.7   902.1  1004.5  1076.1  3564.6  4620.1  5084.4  7748.9 31399.9 38985.0  49413.6    55000
read     1410.5  2214.9   173.5   409.0   444.5   616.8   901.6  1020.8  1091.4  3650.8  4621.6  5086.9  7853.1 30999.3 40599.4  49184.6    60000
read     1431.5  2274.3   187.4   430.0   461.2   605.5   947.6  1042.0  1101.8  3832.5  4637.1  5067.0  7855.2 31553.7 44146.6  48748.4    65000
read     1533.8  2345.1   187.4   445.9   482.5   686.5   982.9  1107.6  1226.2  4164.9  4711.2  5201.8  7989.1 31689.3 40274.4  45642.0    70000
read     1395.2  2139.6   187.4   417.7   450.6   598.2   916.6  1013.5  1082.2  3719.6  4612.9  5040.0  7731.4 30867.8 37555.8  49538.8    75000
read     1523.1  2381.1   202.4   453.5   489.3   654.9  1000.7  1098.3  1178.1  4012.9  4700.7  5221.3  8005.9 31798.0 39552.7  46174.2    80000
read     1512.0  2297.5   187.4   449.6   486.3   661.4   988.3  1096.3  1181.6  4068.9  4687.4  5190.7  7921.7 31624.6 37899.2  46162.0    85000
read     1526.4  2333.3   187.4   458.2   492.9   656.5  1006.1  1109.2  1186.1  4151.1  4697.2  5235.1  7947.7 31383.0 48246.8  45926.1    90000
read     1478.2  2321.9   173.5   436.8   471.0   636.9   959.6  1058.9  1139.9  3918.2  4667.5  5131.9  7946.2 31613.9 38174.2  47491.2    95000
read     1423.0  2180.4   202.4   431.6   461.5   607.6   944.8  1036.3  1098.0  3893.3  4636.1  5053.2  7790.9 31117.3 38333.2  48599.0   100000
read     1518.1  2390.2   202.4   454.5   487.9   648.7   999.0  1096.4  1178.6  4046.0  4691.3  5190.8  7951.8 31893.0 40776.2  46313.0   105000
read     1436.3  2239.5   202.4   416.6   450.3   635.9   916.2  1031.7  1121.3  3822.6  4640.1  5103.2  7819.6 31326.7 38130.4  48464.8   110000










