


//-----------------------------------------1st run----------------------------------------//
#type       avg     std     min      p5     p10     p50     p67     p75     p80     p85     p90     p95     p99    p999   p9999     QPS   target
read     1281.9  1367.7   160.7   245.2   278.4   522.2  1872.4  1968.0  2025.7  2239.7  3092.1  3781.0  4053.7 15252.2 30563.0  29908.8    30000
read     1130.5  1402.8   148.8   245.1   278.2   499.6  1762.5  1892.8  1963.2  2033.6  2423.3  3281.2  4786.4 18318.4 33839.6  34944.6    35000
read     1032.0  1367.0   160.7   248.7   281.5   484.1   677.3  1818.6  1920.1  2001.7  2156.8  3121.4  5035.6 16267.7 32298.2  40008.2    40000
read      941.2  1324.3   148.8   256.3   291.2   496.7   635.7   824.5  1795.7  1939.3  2068.1  2745.6  5023.4 14778.7 32747.6  44969.6    45000
read     1405.0  2192.1   160.7   406.7   450.5   623.0   924.8  1026.5  1096.5  2080.6  4580.6  5025.2  8585.0 30972.0 37992.2  47373.6    50000
read     1434.7  2137.1   187.4   438.0   468.3   614.0   955.9  1045.7  1109.1  3949.2  4643.7  5069.4  7801.8 30847.0 36625.7  47982.6    55000
read     1495.2  2215.1   173.5   448.5   482.9   654.0   992.3  1089.7  1172.9  4127.4  4677.8  5125.3  7883.6 31117.8 39937.4  46436.8    60000
read     1468.3  2234.8   187.4   445.2   477.5   624.1   970.0  1065.9  1140.0  3949.3  4664.1  5148.9  7962.9 30987.9 41663.9  47545.4    65000
read     1466.2  2195.4   202.4   446.0   480.3   629.2   979.4  1081.1  1160.9  3992.1  4656.4  5116.5  7915.4 31055.2 39020.9  47278.4    70000
read     1462.3  2249.0   202.4   443.4   475.0   624.0   965.7  1058.8  1131.9  3859.8  4659.6  5181.4  7938.9 31330.1 38996.7  47614.0    75000
read     1433.0  2166.5   173.5   428.6   462.8   622.2   945.8  1049.4  1120.6  3861.8  4637.8  5084.7  7807.2 30911.0 37748.8  48271.8    80000
read     1423.7  2102.2   173.5   414.6   449.6   637.2   920.4  1041.7  1131.8  3875.9  4628.7  5076.0  7762.2 30741.0 36971.8  48320.0    85000
read     1465.6  2204.1   202.4   441.2   475.4   631.8   968.7  1073.6  1155.1  4051.0  4653.1  5105.9  7804.3 30868.4 37769.7  47453.4    90000
read     1435.5  2198.3   173.5   437.4   469.1   610.5   950.9  1049.9  1114.4  3884.8  4637.7  5085.4  7830.9 31001.6 37238.9  48394.2    95000
read     1492.5  2208.2   187.4   450.6   484.9   648.0   989.5  1088.8  1173.6  4183.9  4673.4  5120.0  7834.0 30985.3 38430.2  46466.8   100000
read     1431.2  2187.3   187.4   432.8   465.4   615.4   948.0  1040.5  1099.5  3848.0  4637.1  5079.4  7864.1 31211.0 37452.8  48322.8   105000
read     1444.7  2119.4   202.4   438.2   472.4   628.5   969.3  1064.8  1142.1  3980.6  4650.7  5079.2  7687.7 30880.0 37355.7  47634.6   110000


//-----------------------------------------2nd run----------------------------------------//

#type       avg     std     min      p5     p10     p50     p67     p75     p80     p85     p90     p95     p99    p999   p9999     QPS   target
read     1265.9  1386.9   160.7   244.8   278.1   524.3  1859.7  1959.5  2018.2  2174.5  3019.9  3781.2  4064.3 15412.3 31516.8  30071.2    30000
read     1204.5  1516.9   160.7   243.6   275.2   492.9  1778.4  1906.0  1982.6  2115.6  2995.9  3871.3  4819.2 17575.8 36766.5  34985.4    35000
^[read     1080.8  1440.3   148.8   240.5   270.9   460.6   663.0  1836.4  1927.7  2011.7  2500.4  3839.5  5119.8 15418.3 32420.3  40037.8    40000
read      976.6  1478.4   160.7   245.1   276.7   458.3   579.1   773.3  1840.7  1956.0  2088.5  3827.2  5416.8 18656.8 35526.3  44867.2    45000
read     1025.1  1600.7   160.7   270.8   313.7   523.8   684.7   829.6   956.4  1861.0  2086.2  4446.3  5974.7 23913.6 36096.2  49979.2    50000
read     1336.0  2068.4   173.5   387.7   418.8   622.2   864.1   939.7  1001.2  2088.8  4539.0  5004.7  7625.5 30595.6 38029.3  51018.6    55000
read     1284.7  2078.7   173.5   365.5   397.0   607.4   799.6   880.0   943.4  1158.1  4476.0  5028.7  7752.0 30645.9 41491.0  53559.2    60000
read     1359.9  2039.5   187.4   402.6   432.0   622.0   888.9   970.6  1034.6  3563.1  4568.9  4995.9  7728.7 30138.6 39018.0  50455.8    65000
read     1271.9  2045.5   187.4   363.7   393.6   601.1   799.8   868.7   924.8  1077.8  4472.0  4995.0  7682.0 29813.2 37224.2  54300.0    70000
read     1296.4  2062.6   173.5   376.6   406.6   625.9   828.6   899.4   953.9  1760.2  4482.2  4997.3  7738.1 29947.7 37733.1  52940.0    75000
read     1350.1  2155.3   173.5   393.2   423.9   615.8   871.7   948.1  1007.4  2063.7  4559.5  5029.8  7681.3 30932.1 40438.3  51130.6    80000
read     1316.6  2263.7   173.5   381.9   411.6   596.8   836.6   912.8   971.5  1561.7  4508.0  5029.9  7816.7 30780.2 38950.8  52640.2    85000
read     1397.0  2440.8   173.5   396.6   429.5   648.0   881.3   979.1  1069.1  3557.7  4593.4  5074.4  7804.1 31010.4 38461.8  49497.6    90000
read     1307.7  2165.1   173.5   370.3   403.8   623.5   817.9   900.5   968.5  1932.2  4492.0  5033.1  7690.3 30339.5 39196.2  52375.6    95000
read     1342.8  2112.7   173.5   388.1   420.1   631.8   859.4   945.0  1026.6  2174.5  4553.5  5011.9  7677.1 30531.4 37439.5  50969.0   100000
read     1304.3  1931.1   173.5   380.8   410.9   621.2   842.5   921.4   992.5  2101.7  4525.7  4959.4  7497.6 28906.9 35859.2  52174.2   105000
read     1242.5  2025.7   187.4   360.3   388.4   587.5   781.8   851.9   907.6  1036.6  4435.6  4940.8  7691.4 30299.6 37485.9  55397.2   110000


//-----------------------------------------3d run----------------------------------------//
#type       avg     std     min      p5     p10     p50     p67     p75     p80     p85     p90     p95     p99    p999   p9999     QPS   target
read     1270.9  1334.9   160.7   241.8   273.5   501.2  1844.8  1944.3  2008.3  2309.3  3144.2  3756.5  4042.8 12938.3 28703.8  30121.8    30000
read     1187.6  1402.0   160.7   242.8   274.1   484.0  1785.0  1899.9  1975.4  2100.7  2959.8  3834.7  4194.7 15454.7 31821.9  34989.4    35000
read     1079.2  1412.9   148.8   243.3   275.4   471.3   685.5  1835.5  1924.9  2012.6  2424.1  3774.9  5048.0 16206.0 33987.2  39879.2    40000
read      973.5  1413.6   160.7   246.2   278.1   464.5   591.8   846.0  1851.4  1960.0  2101.8  3395.3  5143.8 17552.5 32513.7  44838.6    45000
read      913.9  1356.0   160.7   251.0   282.2   460.8   570.4   678.3  1755.0  1920.4  2033.8  3488.1  5116.1 14747.4 32342.0  49883.0    50000
read      911.4  1495.5   160.7   262.7   297.9   485.0   590.7   673.0   753.7  1775.0  2014.9  4017.2  5794.1 18057.7 32419.2  54908.8    55000
read     1339.4  2020.7   187.4   388.3   419.6   631.2   855.8   938.7  1012.1  3016.7  4550.6  4994.0  7618.2 30217.4 37179.4  51244.8    60000
read     1329.1  2119.0   173.5   383.4   414.6   615.9   849.0   923.8   985.6  1987.7  4525.8  5041.0  7789.2 30698.9 39446.8  52063.4    65000
read     1335.8  2027.1   187.4   389.0   420.2   606.7   857.9   948.4  1022.5  2679.6  4561.9  4988.2  7641.2 29924.9 39338.1  51371.6    70000
read     1286.6  1959.9   187.4   379.5   408.4   603.3   832.8   905.9   961.2  1940.4  4506.4  4964.3  7196.9 29592.3 37123.2  53096.2    75000
read     1261.3  2025.9   173.5   363.7   392.7   598.8   798.2   864.2   919.2  1061.3  4461.0  4986.4  7692.6 30428.4 37360.1  54502.6    80000
read     1289.6  2016.7   187.4   379.6   408.4   586.5   825.5   907.5   973.2  1869.1  4515.4  4963.0  7695.1 30331.8 37843.5  53236.6    85000
read     1299.9  2068.5   173.5   375.6   405.6   600.0   818.1   896.7   959.7  1480.3  4522.0  5023.3  7644.3 30373.0 37902.0  53074.4    90000
read     1320.9  2031.5   173.5   386.0   416.1   607.7   849.3   926.3   990.0  2040.6  4536.1  5019.8  7729.4 30445.5 37428.0  51937.0    95000
read     1351.7  2070.6   202.4   395.0   425.0   633.4   875.8   949.2  1009.2  2180.4  4559.4  5019.3  7711.3 30664.1 37556.3  50980.0   100000
read     1288.6  1974.7   187.4   381.4   410.7   593.1   835.7   911.2   968.9  1914.3  4509.1  4974.2  7636.5 30455.5 36456.7  52961.2   105000
read     1277.7  2023.2   173.5   364.0   394.7   615.7   802.5   873.7   934.3  1230.1  4465.2  5001.9  7678.6 30132.5 37778.4  53729.0   110000
