Timestamp start: 1684600372478
Timestamp end: 1684602172894

#type       avg     std     min      p5     p10     p50     p67     p75     p80     p85     p90     p95     p99    p999   p9999      QPS   target
read      484.7  1116.4    93.8   162.8   197.1   370.4   451.8   501.1   539.4   584.4   648.6   764.9  3002.8 13825.1 39297.4   7412.0     7434
read      375.0   384.7    80.4   139.4   156.6   313.4   398.7   449.2   488.3   538.1   610.8   743.6  1562.9  3843.0 12311.9  66992.8    67201
read      355.2   372.4    80.4   139.8   157.5   306.6   386.1   432.9   468.2   512.7   575.2   680.2  1003.0  3832.8 12409.8  85924.7    85927
read      367.1   410.2    86.8   139.5   156.4   315.2   399.0   447.3   484.0   530.4   594.8   703.6  1127.3  4160.3 12855.3  64213.7    63953
read      369.5   318.0    86.8   138.9   155.8   330.7   412.4   460.0   495.6   539.3   597.4   690.8  1095.8  3406.3 11982.6  31655.4    31595
read      354.5   380.9    86.8   140.2   158.1   307.3   386.3   432.4   467.1   510.9   574.5   677.6   970.8  3933.6 15277.8  87997.0    87879
read      435.4  1117.1    93.8   161.5   193.3   331.5   394.8   433.5   461.8   495.9   543.5   635.4  2786.9 14385.7 36885.5   7243.5     7287
read      392.3   520.9    80.4   139.9   157.3   319.5   405.3   457.1   497.4   548.0   623.7   768.2  1864.7  5541.7 24707.4  62162.2    62295
read      418.5  1003.0    93.8   166.7   198.8   327.6   386.8   424.0   452.8   488.2   538.2   623.9  2133.2 10001.6 37398.0   6532.4     6561
read      504.2   814.2    86.8   138.3   157.7   365.2   521.4   652.7   736.1   816.1   904.5  1037.9  1902.0  9630.3 32352.5  22425.6    22532
read      375.2   466.2    80.4   139.0   155.9   315.9   399.0   447.2   484.1   531.9   599.1   722.5  1500.8  4346.3 16644.3  60563.0    60653
read      367.9   396.5    86.8   139.8   156.9   320.6   404.7   453.6   490.5   536.2   596.8   695.8  1062.7  4006.4 15155.6  59045.2    59076
read      354.1   315.4    80.4   138.6   155.1   311.9   392.9   439.1   474.1   518.2   577.4   673.2   999.4  3204.1 12314.4  60171.8    60154
read      475.7   845.5    86.8   139.6   158.4   355.6   473.4   560.8   641.3   739.5   842.9   982.5  1592.4 10487.3 32064.1  22885.9    22964
read      439.6   883.5    93.8   157.8   190.8   355.6   430.2   474.1   507.0   546.2   594.5   682.2  2266.8  8498.1 33299.7   8211.8     8172
read      507.7   883.4    80.4   137.9   156.5   347.9   508.4   662.1   764.7   857.5   954.9  1094.2  1735.2 11007.4 32451.2  27697.5    27652
read      387.7   387.4    86.8   139.4   156.7   331.2   417.3   467.8   507.9   559.6   631.4   773.0  1338.2  5229.4 11911.2  37486.5    37594
read      460.1   716.6    86.8   138.6   157.0   342.3   459.7   543.3   628.3   736.2   852.7   997.1  1522.9  8050.1 31147.2  24432.4    24367
read      378.1   494.5    86.8   137.5   154.2   319.0   400.4   449.7   487.4   534.8   603.9   742.2  1245.6  6241.9 19234.4  33661.7    33771
read      350.9   366.2    80.4   139.4   156.8   303.6   382.6   428.2   462.9   506.2   568.1   672.2   967.2  3887.3 14200.7  84970.9    84944
read      350.9   363.5    80.4   139.4   156.8   304.9   383.7   429.8   464.5   507.5   568.2   670.7   955.8  3694.0 12413.4  85734.3    85666
read      360.6   345.0    80.4   138.8   155.6   317.9   399.4   445.7   480.9   525.3   584.9   682.1  1047.2  3621.1 12147.7  51831.1    51918
read      366.8   385.8    80.4   139.0   156.0   328.2   408.2   455.5   490.8   534.0   591.0   682.0  1031.9  3900.4 12380.2  34478.7    34406
read      360.9   362.0    86.8   139.1   155.8   324.6   403.6   448.8   481.2   520.0   571.9   652.8   977.7  3977.6 12807.9  28692.4    28664
read      370.9   438.2    86.8   141.5   159.1   328.1   408.1   454.7   489.8   533.7   591.5   684.0  1040.2  4170.6 19837.1  38185.9    38289
read      472.9   732.8    86.8   140.8   160.5   367.7   495.2   592.9   671.0   750.9   838.8   963.4  1483.3  8002.8 31630.0  20650.1    20658
read      476.7  1052.1    86.8   140.6   160.6   370.6   481.4   551.3   596.3   642.2   696.8   788.9  1982.8 13487.9 36853.4  13853.3    13840
read      399.5   447.1    86.8   143.5   164.1   324.5   404.4   454.4   494.0   546.3   629.8   802.9  1817.4  4129.6 15440.1  93464.1    93419
read      350.8   329.2    80.4   142.2   161.3   307.8   383.9   428.5   462.3   504.6   565.7   667.0   924.9  3710.6 11267.1  98403.2    98284
read      355.9   319.9    80.4   139.2   155.9   311.3   393.3   440.4   475.3   520.0   582.5   685.0  1005.6  3552.1  9590.6  71338.2    71313
read      356.8   312.3    80.4   138.3   154.9   318.3   397.6   443.1   477.6   520.3   578.1   670.3   994.1  3412.0 10179.9  42080.6    42089
read      365.0   371.6    80.4   139.3   156.3   323.7   404.3   450.8   485.9   530.5   590.2   685.1  1050.4  3779.7 13376.8  46416.2    46458
read      355.4   284.4    80.4   138.2   154.8   321.0   399.4   444.0   476.7   515.8   569.5   655.1   947.1  3406.0  9911.7  30696.3    30755
read      365.0   358.0    86.8   138.9   155.6   324.5   405.1   451.4   486.3   530.0   588.8   683.0  1058.8  3887.9 10146.0  42986.4    42889
read      356.4   348.5    86.8   142.3   161.1   310.7   388.4   433.8   468.3   512.0   574.1   676.6   966.0  3909.2 11434.1  93558.5    93552
read      355.7   316.2    80.4   138.6   155.2   310.9   393.0   439.6   475.3   520.4   581.8   682.1  1011.9  3539.7 10228.4  65651.9    65694
read      364.0   429.8    86.8   138.8   155.6   323.1   401.7   447.1   479.8   519.2   572.9   659.9  1024.1  4915.5 20759.5  29517.4    29574
read      370.5   353.8    86.8   138.9   155.7   318.1   402.9   453.0   490.8   538.2   602.9   714.9  1368.9  3722.4 11600.4  51239.0    51355
read      356.5   396.9    80.4   138.2   154.5   309.0   390.0   435.9   470.8   515.5   578.7   679.8  1008.3  3794.1 12881.7  67424.7    67361
read      470.9   894.3    86.8   138.5   157.2   367.8   481.2   565.2   622.6   679.3   745.0   847.9  2201.5 10068.9 31961.7  16339.3    16287
read      407.9   444.0    80.4   142.5   161.8   323.4   408.0   461.5   503.9   561.6   648.5   880.3  1847.9  4041.2 12617.9  81456.4    81508
read      346.0   333.4    80.4   138.8   155.9   301.4   379.1   424.6   458.9   501.4   561.6   662.2   927.2  3916.7 12479.3  87493.8    87619
read      362.5   390.2    86.8   144.9   164.7   316.9   394.1   439.1   473.6   518.2   579.7   682.5   949.0  4122.7 13507.9  98955.1    99068
read      371.5   318.4    86.8   140.7   157.8   326.8   411.6   460.1   497.5   544.8   611.1   718.1  1193.6  3370.9 10732.1  51306.9    51267
read      450.7   777.5    86.8   146.1   169.0   372.8   467.7   530.1   575.2   626.0   684.8   782.6  1496.7  8113.7 32054.0  11732.3    11822
read      390.1   429.4    80.4   146.2   166.9   325.0   404.8   454.0   492.6   543.3   618.0   756.7  1699.7  4258.4 13849.8  97441.2    97494
read      352.3   373.8    80.4   141.8   160.6   306.3   383.0   427.8   461.9   504.7   566.1   668.0   941.7  3815.3 12557.3  97244.0    97350
read      360.7   365.9    86.8   138.7   155.1   316.8   399.0   446.3   482.1   527.3   587.3   684.3  1012.6  3940.1 12766.3  55594.3    55460
read      355.6   355.5    86.8   140.1   157.8   307.7   387.4   433.4   468.2   511.3   574.2   678.8   985.3  3928.4 14035.7  85905.1    85984
read      355.8   398.5    80.4   138.7   155.8   305.2   385.0   431.2   466.6   510.9   575.9   681.3  1044.4  4078.7 15070.0  81892.8    82043
read      357.0   312.3    86.8   138.1   154.4   314.2   396.8   443.5   478.9   523.7   584.6   685.6  1084.1  2967.0  8450.0  52749.0    52873
read      459.5   830.3    86.8   140.4   160.1   371.1   474.3   541.1   588.2   640.5   701.1   806.7  2031.5  9264.2 32115.2  13904.6    13911
read      394.1   555.3    86.8   138.5   155.4   323.4   411.8   463.5   503.3   555.3   630.0   777.9  1625.0  6243.9 30175.1  50151.6    49984
read      437.4   898.4    93.8   151.8   179.2   353.2   432.4   481.5   517.3   559.7   614.8   707.0  1924.0 11428.0 32154.4   9219.2     9274
read      494.5   712.4    86.8   136.3   154.8   345.2   509.1   657.3   758.0   850.5   948.5  1087.5  1732.1  8174.9 31540.9  27203.7    27187
read      492.3   806.9    86.8   138.7   157.2   379.2   519.6   624.4   687.0   750.1   821.8   932.4  2112.8 10034.3 31693.1  18694.4    18735
read      376.6   463.9    80.4   142.5   161.4   311.9   392.1   439.9   476.9   525.0   592.6   723.2  1650.1  4311.0 13832.7  86507.4    86505
read      347.2   314.7    80.4   139.9   158.0   302.8   379.1   424.6   459.1   502.1   562.4   663.0   937.4  3626.2  8746.4  93078.3    93039
read      348.0   294.1    80.4   138.3   155.0   303.7   383.1   429.1   464.1   507.5   569.8   672.4   991.1  3176.9  8138.0  76114.6    75999
read      366.6   396.2    86.8   138.6   155.4   327.7   407.6   455.4   490.4   532.9   588.1   677.2  1014.6  3757.0 12832.8  32297.8    32324
read      354.3   390.5    80.4   139.6   156.9   306.3   385.5   431.1   465.8   509.2   572.0   675.6   982.2  4039.0 14408.1  84177.3    84255
read      357.1   319.7    80.4   140.1   157.7   310.6   391.8   438.1   473.2   518.2   582.2   686.7   993.7  3713.6  9681.7  81761.3    81759
read      371.3   378.9    80.4   139.3   156.4   329.2   411.9   459.5   495.6   540.8   599.8   695.3  1154.5  3452.1 15433.4  37357.5    37291
read      372.3   740.3    86.8   140.5   157.5   324.1   407.6   455.8   492.4   538.3   599.2   695.8  1100.0  4087.7 13539.7  53773.1    53818
read      373.9   436.8    86.8   139.1   156.0   327.7   409.8   457.3   491.9   533.7   589.4   683.2  1160.2  4681.6 15355.8  30345.7    30297
read      365.8   351.2    86.8   138.3   154.8   326.1   407.6   455.0   489.9   532.4   587.8   677.4  1078.9  3528.4 12140.9  31530.1    31569
read      367.6   374.0    86.8   139.1   156.1   325.8   407.1   454.0   489.0   532.8   589.7   683.1  1091.6  4147.4 12310.2  38962.6    38927
read      455.2   861.9    93.8   153.6   178.7   371.3   456.3   515.4   562.9   617.7   682.7   782.8  1694.0  9394.3 32193.2  10610.4    10652
read      447.1   494.7    80.4   155.1   181.2   367.8   450.2   503.8   550.1   618.8   718.5   914.1  1881.3  5342.9 16598.6  98207.0    98119
read      369.5   288.3    80.4   142.4   161.0   331.0   415.2   462.7   499.4   546.4   608.8   705.0  1006.6  2336.2 10883.6  48312.5    48176
read      373.9   278.8    80.4   144.2   162.6   340.9   423.6   469.7   505.4   550.2   611.3   703.1   992.8  2775.1  8963.5  35029.7    34929
read      357.2   274.9    80.4   140.5   157.8   315.9   401.3   450.2   487.0   532.8   593.8   694.6   968.6  2448.1  7678.2  69645.3    69735
read      461.6   415.8    86.8   144.5   164.5   386.8   512.0   612.8   703.3   791.5   876.6   985.7  1183.4  3990.8 15579.4  20731.6    20753
read      368.4   297.7    80.4   142.7   161.7   317.1   400.5   450.5   488.6   537.1   603.7   720.4  1417.2  2844.7  9225.0  84672.9    84642
read      376.2   271.3    80.4   143.9   162.2   343.0   428.6   475.5   511.5   559.2   622.4   716.9   997.8  2115.6  8409.9  42426.1    42333
read      363.3   318.4    80.4   140.4   157.3   321.1   406.2   455.6   492.3   538.7   600.8   698.3  1017.7  2631.1 11994.9  61616.1    61587
read      366.3   315.6    80.4   142.3   160.4   320.1   403.8   452.9   489.4   536.6   602.2   708.5  1031.2  3410.6  9468.7  78176.1    77998
read      351.6   300.0    80.4   143.4   162.1   310.3   387.3   432.4   466.4   508.8   569.9   669.4   919.4  3215.3 10556.6  97416.9    97625
read      442.9   437.3    86.8   140.5   159.3   356.6   480.3   567.5   652.4   759.7   861.2   982.0  1202.7  4004.8 16306.3  23861.5    23781
read      366.2   328.6    80.4   139.4   156.1   315.6   400.3   449.3   486.7   534.3   599.9   714.3  1355.5  3131.1  9845.4  66587.3    66723
read      374.5   318.8    86.8   140.3   157.5   341.2   424.8   472.0   508.2   552.9   608.4   689.7  1012.3  3201.5 10232.8  31186.1    31016
read      374.5   325.4    86.8   140.9   158.4   335.2   418.2   466.0   503.0   550.5   612.7   705.4  1084.2  3582.5 12271.2  47475.7    47394
read      360.2   327.3    86.8   144.3   163.5   316.5   396.3   442.0   476.4   521.1   582.9   685.5   956.6  3557.4 11292.4  95278.2    95335
read      344.7   344.6    93.8   173.0   204.9   315.2   360.5   388.0   408.0   433.7   467.6   520.8   672.1  4711.8 12873.5   5265.3     5252
read      375.5   360.3    86.8   140.8   157.8   321.1   407.1   457.5   495.8   545.2   614.7   732.4  1467.2  3789.1 12755.1  65855.5    65908
read      431.5   430.2    86.8   142.0   160.6   384.0   487.4   564.4   625.6   687.9   756.5   849.0  1015.1  4037.4 12791.6  17038.6    16889
read      381.6   295.9    86.8   140.4   157.7   335.0   420.3   469.8   509.2   561.3   628.5   751.3  1361.5  2904.1  9798.9  42978.6    42912
read      343.1   258.9    80.4   144.0   163.3   304.9   380.1   424.7   458.4   499.6   556.2   651.5   871.4  2713.2  8041.8  99942.3    99898
read      352.7   257.6    80.4   144.0   163.0   326.2   404.0   445.9   475.2   509.5   560.0   636.3   821.0  2787.4 11653.7  26412.8    26385
read      437.1   346.7    80.4   143.4   163.2   372.1   497.9   585.4   652.4   726.8   808.5   919.7  1127.9  3264.7 12146.5  22649.7    22616
read      367.8   290.5    80.4   140.1   158.4   320.4   404.1   452.9   489.7   537.5   603.5   725.4  1311.4  2159.5 11880.7  50619.4    50605
read      339.5   225.9    80.4   139.4   157.8   300.8   379.4   425.3   459.9   502.4   562.1   660.4   886.0  2228.5  7602.9  90238.9    90283
read      352.1   267.6    80.4   144.1   162.7   326.6   404.5   446.1   475.0   509.3   556.9   630.1   804.5  2212.3 11568.0  26207.5    26273
read      357.1   257.4    80.4   141.8   160.6   322.3   403.4   449.0   482.5   524.9   583.0   676.1   941.6  1915.3  9982.4  48562.5    48521
read      359.3   244.6    80.4   142.7   161.3   329.9   410.4   455.2   487.9   528.8   582.7   666.8   883.1  1948.3  8331.6  34045.2    34058
read      347.5   251.5    80.4   138.4   156.0   305.9   388.3   435.0   470.8   515.7   578.5   678.2   929.9  2545.6  7973.3  75580.1    75648
read      419.0   319.0    80.4   143.1   162.9   372.6   480.5   554.7   609.4   670.5   739.2   832.4  1010.0  3802.5 11774.0  19417.8    19482
read      420.6   305.4    80.4   145.0   166.1   384.1   489.4   556.1   599.8   649.2   705.4   788.5   938.5  3648.2 10791.3  15062.2    15054
read      357.1   289.5    80.4   138.3   156.1   301.6   383.8   432.7   469.9   518.7   587.7   714.7  1426.3  2549.9  8538.3  75804.9    75754
read      340.3   282.9    93.8   180.2   210.1   313.7   359.1   386.7   407.0   434.0   468.7   523.7   647.5  4378.0  9480.0   5153.4     5187
read      466.4   386.9    86.8   150.7   174.4   387.6   522.5   632.4   705.5   778.4   856.8   962.3  1175.6  4005.7 13067.0  17561.1    17656
read      344.1   261.5    80.4   139.6   158.0   298.4   373.8   419.8   454.7   498.1   558.7   663.5  1064.9  2728.9  8134.3  96374.2    96343
read      359.3   245.4    80.4   143.4   162.2   328.5   408.7   453.5   486.3   528.3   584.5   674.5   911.6  1674.0  8194.5  36725.2    36665
read      343.3   225.8    80.4   139.3   157.8   302.7   382.4   429.5   465.0   508.4   570.6   670.2   908.6  2574.3  6958.2  85307.0    85269
read      359.6   250.7    80.4   144.0   162.9   331.1   411.4   455.1   486.9   526.8   580.7   667.1   880.6  1815.4  9622.9  31466.2    31525
read      359.5   247.7    80.4   141.1   159.7   319.8   404.3   453.0   489.5   535.9   597.0   695.9   974.1  2120.7  8390.0  61689.0    61798
read      415.2   350.9    86.8   150.7   174.2   375.8   464.8   525.3   569.9   619.1   678.1   762.5   937.0  4046.6 12491.0  12215.9    12253
read      483.8   412.8    80.4   145.1   166.9   363.3   511.2   647.3   762.2   876.0   993.3  1140.9  1387.5  3703.3 12700.4  25754.1    25710
read      350.6   263.6    80.4   138.6   156.6   303.5   385.3   433.3   469.6   516.2   581.0   688.1  1034.4  2584.0  7968.7  79762.6    79937
read      375.8   338.1    93.8   168.3   202.9   345.3   406.2   444.5   472.1   505.9   551.7   622.1   780.0  4135.6 12410.3   7226.7     7271
read      355.6   303.8    80.4   139.3   157.9   305.4   386.1   433.9   470.4   517.0   582.2   691.4  1098.8  2998.8  8887.4  85757.3    85861
read      338.6   262.3    80.4   138.9   156.9   298.2   375.2   421.2   455.9   498.8   557.9   657.0   891.1  2472.3  9433.2  91428.9    91467
read      348.9   240.7    80.4   138.6   156.1   308.8   392.3   440.0   475.1   519.5   580.2   681.3   937.1  2318.6  7268.7  72396.5    72217
read      359.7   252.0    80.4   143.8   162.6   330.8   412.2   457.1   489.4   529.3   581.8   664.6   869.3  1653.1  8431.8  31056.4    31080
read      355.4   268.0    80.4   140.0   158.6   312.2   396.6   445.5   482.2   529.3   592.7   698.4   968.0  2577.3  8344.5  76845.7    76878
read      343.7   240.7    80.4   138.8   157.1   302.3   382.3   429.5   464.8   508.3   571.4   671.7   916.6  2558.0  7916.0  84623.3    84584
read      401.4   323.2    86.8   149.5   173.2   367.6   453.0   505.7   546.2   591.2   645.5   727.8   889.1  3859.1 12221.0  12536.6    12492
read      364.1   286.6    74.4   140.5   158.9   319.1   402.4   451.2   488.2   535.1   597.7   706.4  1224.9  2178.0 11691.6  57113.5    57106
read      338.4   249.3    80.4   140.9   159.7   297.8   373.1   418.3   452.7   495.0   552.1   651.1   887.1  2832.8  8010.3  96193.8    96245
read      373.4   342.6    93.8   173.8   209.5   344.8   403.5   438.2   464.7   496.9   538.8   596.2   729.5  4435.5 12538.8   6758.8     6791
read      364.4   336.4    80.4   140.1   159.1   304.8   384.1   432.7   469.5   517.2   585.0   714.6  1611.4  2985.9 12462.7  90678.9    90728
read      354.5   389.5    93.8   179.3   212.1   321.9   369.8   398.6   421.1   448.1   484.4   544.5   691.0  6103.4 15622.6   5149.5     5151
read      364.1   305.6    80.4   139.8   158.8   309.7   392.4   442.0   480.2   529.3   595.1   717.1  1257.0  2909.0  9385.0  82851.9    82969
read      361.7   259.1    80.4   142.7   161.6   328.8   409.1   454.5   488.6   532.0   588.9   681.4   971.7  1765.3  8416.8  42603.1    42635
read      334.9   213.6    80.4   140.5   159.1   298.3   372.0   416.4   450.2   491.9   548.3   643.3   859.2  2238.3  7612.2  99463.6    99337
read      336.9   245.2    80.4   139.4   157.8   297.7   373.8   419.1   453.1   495.0   553.0   650.3   870.6  2643.0  8068.5  94966.5    95192
read      355.7   267.8    80.4   139.5   157.7   312.8   398.1   446.6   483.1   529.2   591.1   692.8   971.2  2483.1 10489.5  69116.9    69200
read      366.0   243.4    80.4   142.5   161.3   329.9   413.1   460.2   496.3   541.8   603.4   703.7  1018.8  1892.7  8104.8  49253.3    49459
read      356.5   245.2    80.4   143.2   162.0   328.7   408.7   452.7   485.1   524.7   576.3   657.5   858.8  1398.8  9519.0  28899.2    29055
read      352.9   258.6    80.4   138.9   156.7   312.9   396.3   444.1   479.9   525.0   585.5   685.0   960.7  2182.3  9790.0  64411.5    64324
read      355.3   296.6    93.8   180.1   213.2   327.5   377.6   408.1   432.3   461.2   498.0   557.9   688.9  4554.7 11341.3   5697.4     5705
read      360.0   299.1    80.4   139.4   157.9   304.4   385.5   433.8   470.6   518.7   586.7   710.8  1296.2  3024.6  7984.4  84627.9    84816
read      431.9   322.8    80.4   143.6   163.4   360.6   482.0   568.1   643.2   733.8   827.7   937.4  1151.3  2556.8  9368.1  23713.3    23714
read      362.3   288.2    80.4   139.3   157.7   308.5   392.4   442.5   480.8   530.7   599.9   726.4  1304.4  2622.1  8352.2  74148.2    74116
read      424.1   327.5    86.8   145.6   166.0   376.9   479.0   552.3   610.9   677.5   753.3   853.7  1042.7  3497.3 11085.7  19985.9    19948
read      373.8   282.1    80.4   143.2   162.8   329.4   413.0   462.3   499.8   548.0   616.4   736.8  1232.4  1872.4 10066.4  44210.6    44213
read      422.4   292.1    80.4   143.5   163.7   377.2   486.4   561.7   616.1   676.0   744.9   843.0  1024.7  3488.1  8704.2  19322.2    19454
read      378.7   323.6    93.8   168.5   202.4   350.5   414.2   452.5   480.1   512.7   557.4   622.1   747.9  4245.8 12565.4   7197.6     7190
read      389.5   307.6    80.4   142.8   162.9   339.2   427.5   478.1   518.0   570.0   640.8   776.5  1444.9  2153.9 11985.8  47498.0    47657
read      375.2   262.0    80.4   143.4   163.1   340.0   424.2   471.6   507.6   554.2   616.7   717.0  1016.5  1954.7  9442.0  44293.1    44399
read      367.2   301.7    93.8   174.6   210.4   339.4   396.0   428.7   453.6   483.4   524.0   587.4   735.4  4399.9 12439.1   6487.6     6481
read      363.5   363.3    93.8   178.2   213.1   335.2   387.6   418.3   440.5   467.6   503.1   563.9   704.2  4604.1 15936.9   5829.7     5807
read      364.7   324.2    80.4   139.3   157.9   304.2   385.8   434.3   471.8   520.6   589.9   721.4  1651.0  3029.7  9437.5  83159.4    83137
read      403.6   324.8    86.8   158.8   187.4   366.4   448.3   499.6   539.3   582.4   635.0   709.0   861.1  4167.1 12606.1   9618.8     9580
read      405.1   309.3    86.8   150.5   173.0   355.3   441.1   492.6   533.4   584.7   660.2   806.0  1367.9  2574.3 10362.8  37330.6    37385
read      392.0   292.5    80.4   149.8   171.7   356.9   438.5   487.2   524.5   571.6   634.4   738.0  1055.7  2356.0 10981.7  33669.9    33706
read      381.3   261.7    86.8   148.8   170.0   349.5   429.6   475.2   511.0   557.6   618.4   715.4   987.9  1664.7  8880.6  35229.5    35204
read      375.5   274.7    80.4   143.4   163.3   335.4   419.9   468.4   506.1   554.7   619.3   726.6  1076.1  2083.9  8377.8  50334.7    50438
read      370.0   252.3    80.4   141.7   160.9   331.6   416.4   464.4   501.1   547.9   612.1   715.7  1060.3  2063.4  8006.3  48913.7    48878
read      374.5   276.3    86.8   146.6   166.3   337.6   423.3   471.1   507.6   554.1   616.0   714.0  1009.6  1831.9 10134.7  42778.7    42682
read      365.0   270.5    80.4   146.8   166.0   336.6   416.4   460.6   492.4   532.2   583.0   664.8   876.6  2150.2 10018.2  27473.6    27416
read      360.6   262.7    80.4   139.8   157.6   318.0   404.4   454.4   491.5   538.4   601.2   705.1  1004.3  2371.2  8472.9  64286.9    64424
read      354.2   252.4    80.4   138.8   156.7   313.2   396.9   444.3   479.2   523.8   584.0   685.5   992.9  2220.6  8053.5  64405.0    64364
read      350.2   338.8    93.8   177.8   210.3   322.8   370.0   399.4   421.8   448.1   483.9   543.9   672.7  4567.2 14935.2   5465.4     5481
read      400.9   384.3    86.8   152.0   175.2   355.5   434.8   482.9   520.9   570.4   640.0   780.6  1180.4  3908.3 12685.2  26097.7    26227
read      382.3   276.3    86.8   151.4   174.7   353.6   429.7   473.7   506.9   549.6   605.7   692.5   924.7  1929.7 10916.0  26491.6    26586
read      343.5   263.7    80.4   138.4   156.4   301.7   381.5   428.0   463.1   506.6   569.0   671.1   920.5  2762.8  8766.0  86522.3    86286
read      430.1   332.8    80.4   142.8   163.1   358.3   475.9   557.3   629.6   720.8   820.7   942.8  1170.8  2807.9 10394.1  24483.8    24452
read      454.8   365.4    80.4   141.8   161.8   360.6   507.1   624.0   712.0   801.7   895.9  1019.5  1253.9  2829.2 12370.0  26839.4    26832
read      453.3   377.1    80.4   140.6   160.0   346.7   494.9   613.1   713.5   816.3   920.1  1056.7  1298.9  2458.1 12176.3  29729.4    29795
read      364.8   266.0    80.4   141.0   159.7   326.0   407.5   454.6   490.4   537.2   598.2   704.2  1107.1  1839.4  8745.6  46167.6    46224
read      343.6   258.5    80.4   138.7   156.8   301.1   380.4   427.1   462.3   505.8   568.2   669.3   926.1  2869.6  8046.1  84558.0    84587
read      357.4   267.1    80.4   140.1   158.2   316.5   400.5   448.5   484.1   529.1   590.0   693.8   991.0  2133.8 10072.7  63223.2    63389
read      375.3   267.2    80.4   145.1   164.6   336.9   422.5   470.0   506.8   554.6   618.3   720.7  1061.5  1985.5  8789.5  47023.7    46953
read      342.0   246.0    80.4   140.4   158.9   301.2   378.6   424.5   459.1   502.0   562.8   663.9   909.8  2661.6  7766.8  90500.5    90536
read      416.3   328.8    86.8   151.4   175.5   378.0   467.3   528.0   572.0   621.0   679.6   763.3   926.3  4267.0 12360.9  12540.0    12508
read      397.1   313.1    80.4   146.8   167.7   347.0   432.7   483.4   523.5   576.5   652.7   805.3  1346.2  2165.4  9411.5  38466.6    38491
read      334.4   232.4    80.4   139.9   158.5   296.6   371.4   416.0   449.8   491.5   547.6   642.9   864.0  2097.7  7976.3  97724.4    97806
read      405.3   294.8    86.8   152.3   178.1   372.7   458.3   510.7   550.7   593.5   649.2   731.7   886.5  3822.5 10571.7  11834.4    11813
read      400.6   312.6    80.4   145.2   166.3   347.9   434.8   486.8   528.1   581.7   659.3   821.9  1418.2  1996.9 11601.1  39637.2    39665
read      375.9   264.3    80.4   142.6   162.2   335.9   421.1   470.1   507.8   557.6   622.4   730.1  1092.8  2119.5  8228.0  53499.6    53571
read      357.6   246.9    80.4   140.0   157.9   317.1   400.8   449.1   485.4   531.6   593.2   696.0   997.4  2103.6  8024.1  63202.5    63215
read      348.5   235.4    74.4   138.9   156.9   306.3   389.4   436.7   471.8   516.8   580.3   684.4   944.4  2502.8  7954.7  78788.6    78767
read      390.7   328.4    93.8   162.8   193.7   356.3   428.8   471.9   505.0   545.3   593.5   671.3   833.7  4271.8 12426.8   8578.2     8615
read      361.7   275.5    74.4   139.6   157.8   312.4   397.5   446.9   484.2   532.6   596.1   713.9  1251.8  2351.3  8614.2  67893.4    67903
read      421.1   308.0    86.8   147.1   168.3   383.2   481.9   547.8   594.7   652.2   717.6   807.5   982.0  3408.4 11280.8  16297.0    16398
read      370.2   283.0    80.4   141.5   160.4   323.8   408.4   458.3   495.9   543.6   609.0   728.3  1294.5  2130.5  8531.0  53379.6    53434
read      369.6   283.0    80.4   143.7   163.0   334.6   417.1   463.5   499.7   545.2   603.3   696.5   985.0  2174.5 11854.7  38060.3    38068
read      412.6   350.1    86.8   160.7   191.4   375.6   458.7   507.7   546.3   587.6   641.0   715.3   882.1  4511.8 12899.6   9169.9     9130
read      363.7   286.4    80.4   139.1   157.1   310.5   396.6   446.9   485.6   535.3   604.8   728.8  1334.7  2524.6  8138.6  69049.1    69227
